sample_index,axis,baseline_distance,mode_common,mode_difference,mode_coupling,mode_saliency,detection_score,is_candidate
0,4.177,1.4999999943931084,-0.633765999057903,-0.4071191241095836,-0.1836379187150458,2.141446150801685,0.0,False
1,4.14,1.4999999950739251,-0.6332847296968864,-0.8305041019203864,-0.1844165151026986,0.7374161625118211,0.0,False
2,4.125,1.499999993763976,-0.6344548748102263,-0.97281836841843,-0.1829218855148056,0.5363777703922746,0.0,False
3,4.078,1.500000001633251,-0.6352475537577911,-0.9443555729600815,-0.1805310808181502,0.4079095326912522,0.0,False
4,4.051,1.4999999945204463,-0.6351720605248008,-1.1934055027321917,-0.1799117963876629,0.3783091253029214,0.0,False
5,4.026,1.5000000010711436,-0.6361629092093597,-0.3715406083255497,-0.1806652247508151,0.2198168405101978,0.0,False
6,4.041,1.5000000030964875,-0.6354174135323967,-0.8447355911247506,-0.1792896944158944,0.0670773470851546,0.0,False
7,3.974,1.50000000236728,-0.6354457234947852,-0.73444202181949,-0.1807334550412274,-0.025864765098047,0.0,False
8,3.937,1.500000000402811,-0.6368989682321474,0.0269393696178769,-0.1773271538078568,-0.0863272487955635,0.0,False
9,3.952,1.4999999930920382,-0.6389184122178291,-0.7557890914652506,-0.1826494257504916,-0.1298363743166026,0.0,False
10,3.9,1.4999999972121882,-0.6379275635332702,-0.9087769702911296,-0.1820051359696124,-0.1416679925255946,0.0,False
11,3.823,1.4999999982809222,-0.63806911334535,-0.8554091248992611,-0.1821842369707111,-0.130008149172007,0.0,False
12,3.817,1.500000002585762,-0.6385786926688923,-1.2040791334118632,-0.1809647430817061,-0.1168969608487464,0.0,False
13,3.807,1.500000003239412,-0.6394657381579352,-0.7273263147911464,-0.1777051448763521,-0.1019372463382105,0.0,False
15,3.72766666666667,1.500000001229261,-0.6411548992488554,-1.0937855595346044,-0.1788109795984801,-0.1117914729019956,0.0,False
16,3.74,1.4999999993014317,-0.6410227860909509,-0.7949255654089145,-0.1801493052269534,-0.0461026895243824,0.0,False
17,3.718,1.4999999934335506,-0.6426742005653072,-1.3179304866478423,-0.1810786509255493,-0.0057998098369558,0.0,False
18,3.703,1.5000000031942844,-0.6423344810162332,-0.5565491836614762,-0.1894026535038526,-0.1393472348839296,0.0,False
19,3.65,1.499999997091528,-0.6427025105276958,-0.8945455417173518,-0.191044359585298,-0.2027087031336715,0.0,False
21,3.619,1.500000004869762,-0.6403905302636792,-0.8411777478558708,-0.1874800275812647,-0.2452458203999742,0.0,False
22,3.592,1.4999999936773778,-0.6420325080838603,-0.8127148066297196,-0.1856299467742888,-0.1556900936542168,0.0,False
23,3.552,1.5000000041546837,-0.6407396864666538,-0.6099170445530128,-0.1815413787778995,-0.1595121219050503,0.0,False
24,3.546,1.499999991631229,-0.6406736298878388,-0.7700205078486821,-0.182352162861592,-0.1523546070023184,0.0,False
25,3.53,1.5000000070061916,-0.6439764588364143,-0.3146149456314612,-0.180105298198797,-0.1804093180037292,0.0,False
26,3.456,1.4999999984971764,-0.6445615313929469,-0.9336819784074496,-0.1819811979727182,-0.2114672963136674,0.0,False
27,3.441,1.5000000022688793,-0.645401393611388,-0.2754784817805201,-0.1857798461710221,-0.2833555592724031,0.0,False
29,3.364,1.5000000024543148,-0.6468829483112761,-0.5494334640532776,-0.18390275098981,-0.3321767903788258,0.0,False
30,3.358,1.5000000035985088,-0.6481380233117815,-0.7237684606962181,-0.1798572699330167,-0.3115647244665909,0.0,False
31,3.305,1.4999999946668978,-0.6470622447399198,-1.534959767349219,-0.1858006670703291,-0.3064676149581085,0.0,False
32,3.268,1.4999999995508322,-0.6480814033868671,-1.2930255333369307,-0.1852408609122475,-0.330638514237182,0.0,False
33,3.253,1.4999999968697764,-0.648619292672798,-1.2823519428571135,-0.1898860245747916,-0.3266480919801171,0.0,False
34,3.222,1.5000000003285756,-0.6487514058308399,-1.0973434096851555,-0.1907123243690396,-0.3067999918028358,0.0,False
35,3.244,1.5000000001320373,-0.6500914107185108,-0.7557891459014018,-0.1979138297782092,-0.3370861835119924,0.0,False
36,3.191,1.5000000064564338,-0.6512615558317134,-0.627706347010816,-0.1995340385670509,-0.3419002398547446,0.0,False
38,3.161,1.5000000033545853,-0.6538471990658518,-0.962144870500536,-0.2039035963161499,-0.3604679852265997,0.0,False
39,3.148,1.499999999935335,-0.6536773392913834,-1.6096748002125985,-0.2100805697614932,-0.3654443535314503,0.0,False
40,3.108,1.4999999994249609,-0.6547248079008566,-0.474718445298672,-0.2188490400555984,-0.3517716107379358,0.0,False
42,3.025,1.4999999983276353,-0.6568763650444428,-0.809156985494122,-0.2142479465283654,-0.3672366837915213,0.0,False
43,2.982,1.4999999973521672,-0.6559893195554,-0.7308841260759731,-0.2162419237974772,-0.3635330132384716,0.0,False
44,2.96,1.500000003678932,-0.6563573490668625,-0.8554091662544948,-0.2127166541884511,-0.3628568412245749,0.0,False
45,2.914,1.500000004676218,-0.6583107364735918,-0.8376198894685722,-0.2150309206470916,-0.3353741380373077,0.0,False
46,2.905,1.4999999920766955,-0.6595091915491829,-0.6134748069181515,-0.2173917248275165,-0.3188347940914904,0.0,False
47,2.899,1.500000005704629,-0.6589241189926502,-1.2254262979143484,-0.2208865459640684,-0.2828619802986277,0.0,False
48,2.837,1.4999999930017882,-0.6603679270759745,-0.5672226742316555,-0.2215766562134117,-0.2573022987748628,0.0,False
50,2.785,1.5000000026060858,-0.6617173686178207,-0.3146149102880131,-0.2175530248194009,-0.3320060811467749,0.0,False
51,2.794,1.4999999981776408,-0.661538072189177,-0.930124119083284,-0.2163720493917147,-0.246421638986291,0.0,False
52,2.779,1.5000000002509586,-0.6624345543322578,-0.5138548777198364,-0.214514407914858,-0.1880285220002032,0.0,False
53,2.717,1.4999999926352576,-0.6620476515125822,-0.7593469448635504,-0.2120266214546205,-0.0907721283122655,0.0,False
54,2.711,1.499999996157742,-0.6623213144827038,-0.3928877105544565,-0.2112649484746658,0.0894631682528443,0.0,False
55,2.689,1.4999999981657997,-0.6644351250098636,-0.7202105616551208,-0.2070784419259157,0.1591810992805063,0.0,False
56,2.658,1.4999999936770718,-0.6630951201220554,-0.5636648226361551,-0.2072218198996242,0.3950419397516265,0.0,False
57,2.637,1.5000000011854269,-0.6628969503851985,-0.830504148872602,-0.204529561449951,0.7410840461907786,0.0,False
58,2.591,1.5000000014589503,-0.6649918876040076,-0.4177927510643763,-0.2032805568841606,1.2214834086136088,0.0,False
59,2.569,1.5000000038317722,-0.662623287415214,-0.0726806516283396,-0.2041516967523167,1.3125897473752517,0.0,False
60,2.56,1.5000000035156418,-0.662764837227294,-0.2327842091214541,-0.2017026254831176,1.4972306194765463,0.0,False
61,2.545,1.499999995927462,-0.6627837105355071,-0.7949255394080316,-0.2018724901955361,1.338362112730962,0.0,False
62,2.523,1.500000006319467,-0.6636235727539482,-0.4142349328711304,-0.2031892726673151,1.2941190774729758,0.0,False
63,2.508,1.4999999994268851,-0.6654259736944225,-0.8376198491649565,-0.2036516902171956,1.2370785000267412,0.0,False
64,2.461,1.4999999999947735,-0.6631423033927945,-1.0083969846951453,-0.2042857604242211,1.1654994784532318,0.0,False
66,2.424,1.499999996247642,-0.6627082173023796,-0.1189327293323784,-0.2053851976452678,1.2632356039259354,0.0,False
67,2.394,1.5000000043050743,-0.6627176539565549,-0.8198306021834753,-0.2072216817929681,1.173868021633157,0.0,False
68,2.387,1.4999999980716787,-0.663566952829034,-0.535202001944117,-0.2043623970159135,1.1314196594270605,0.0,False
69,2.357,1.499999997549473,-0.6646332947467204,-1.0226283938217402,-0.2041944852873808,0.6409609874912232,0.0,False
71,2.335,1.5000000024418854,-0.6649730142957945,-0.5601070346248479,-0.2077244409786434,0.4041989530030193,0.0,False
72,2.314,1.5000000023750582,-0.6654259736944225,-0.2897099101867266,-0.2092756704940543,0.1556856853221153,0.0,False
73,2.341,1.4999999983094718,-0.6654825936193368,-0.7735784163410855,-0.2113993304443646,0.1446090230515305,0.0,False
74,2.35,1.4999999928602266,-0.6648031545213261,-0.6383798114559902,-0.209266985681505,0.0041158557228283,0.0,False
75,2.289,1.499999997743507,-0.6661809060255608,0.0803072451083618,-0.2068958801624501,-0.0635823364265791,0.0,False
76,2.246,1.49999999933074,-0.6666433020783641,0.0696336612589832,-0.21114584945093,-0.1448077126373727,0.0,False
77,2.206,1.5000000013575423,-0.6651240007620496,-0.4889498881910429,-0.2113723552248555,-0.2055367830098021,0.0,False
78,2.221,1.500000002708911,-0.6679361236954332,-0.5601070367244363,-0.2152530734586773,-0.2473009077760325,0.0,False
79,2.2,1.4999999991980473,-0.6684362663648004,-0.2932677415483646,-0.217192826222455,-0.3281813127597552,0.0,False
80,2.184,1.5000000023304034,-0.6699083844105131,-0.449813470061489,-0.2151582964646189,-0.3395296674744144,0.0,False
81,2.23,1.4999999978261007,-0.6700121876060292,0.1656958101450855,-0.207514114040804,-0.331961163234853,0.0,False
83,2.163,1.50000000478478,-0.6702764139218383,-0.6668427597033091,-0.1965007886556793,-0.3507960753454258,0.0,False
84,2.138,1.499999996717171,-0.6695214815908374,-0.1331641607671859,-0.1781545753629492,-0.3662936461582123,0.0,False
86,2.126,1.5000000041873225,-0.6729752970056679,-0.1118170802903667,-0.1746874017800384,-0.3763796696554693,0.0,False
88,2.095,1.4999999990963373,-0.673267833284003,-0.5280862962137892,-0.1674912071563475,-0.3790333720624242,0.0,False
89,2.132,1.5000000008600156,-0.6749664310289611,-0.1367220514317835,-0.152629100895907,-0.3433511376662378,0.0,False
90,2.042,1.4999999973390252,-0.6759384064053068,-0.0264284586990927,-0.1494563414173452,-0.341442865570739,0.0,False
91,2.033,1.5000000007637344,-0.6764385490746739,0.1479065011220474,-0.1483733677665883,-0.3320749112401655,0.0,False
92,2.058,1.5000000035970678,-0.6768726351650887,-0.8411777380614398,-0.1449229077504416,-0.3389563681259771,0.0,False
93,2.018,1.4999999984130847,-0.6766555921198812,-0.5672227167801579,-0.1428111897458657,-0.3495129586166792,0.0,False
96,2.027,1.4999999939346804,-0.6801943374220147,-0.4711605449154647,-0.1395655615926383,-0.339851097151564,0.0,False
97,1.975,1.499999998628918,-0.6798357445647275,-0.1296063194529164,-0.147735412469094,-0.2918993907471326,0.0,False
99,2.01733333333333,1.4999999972274114,-0.6787788393012163,-0.3288462947677515,-0.156370549221002,-0.229654239802324,0.0,False
100,1.965,1.499999995250954,-0.6803075772715688,-0.9052190984019836,-0.1623327868603948,-0.1740413957442256,0.0,False
101,1.959,1.500000005632394,-0.6811380028359719,-0.4355820687212094,-0.1711080334997902,0.0544878988916839,0.0,False
103,1.922,1.4999999962638473,-0.6815060323472971,-0.1900898676139598,-0.1689379109446106,0.143670270326148,0.0,False
104,1.935,1.500000001735684,-0.683374489866861,-0.4106770394749792,-0.1714662789618897,0.065142736215504,0.0,False
105,1.929,1.4999999964555208,-0.680713353399595,-0.3964455698244151,-0.160577666000637,-0.0867176298004802,0.0,False
106,1.96216666666667,1.5000000015794348,-0.6814588490766954,-0.5067391744141178,-0.1386422089602845,-0.1034104483057459,0.0,False
107,1.898,1.5000000000285614,-0.6817136387383292,-0.588569870873773,-0.1391180175833614,-0.1596074722660103,0.0,False
108,1.94083333333333,1.4999999967159237,-0.6824685710694676,-0.9657026770016068,-0.1469605450450219,-0.1989358130044458,0.0,False
109,1.913,1.499999999531698,-0.6829970237013605,-0.4320241633318539,-0.1560129853407737,-0.1790216581464087,0.0,False
110,1.892,1.499999995754967,-0.6832046300922553,0.5641758012713993,-0.161907720465593,-0.250283435796604,0.0,False
112,1.95494444444444,1.49999999993976,-0.6847805513336215,0.304452211565874,-0.1406640009132815,-0.2436260053534604,0.0,False
113,1.87816666666667,1.4999999974435647,-0.6859790064092125,-0.2398998738644517,-0.1321856192639847,-0.2474306058570266,0.0,False
119,1.876,1.4999999969263742,-0.6889043691922875,-0.4960655669535526,-0.1069389045417397,-0.2245017448706268,0.0,False
120,1.882,1.499999999506863,-0.6900933876138406,-0.6312641495686068,-0.079784433764134,-0.0420155226729799,0.0,False
122,1.87,1.499999997681087,-0.6939246691943091,0.4360929361143035,-0.0681368401786677,0.0607252123551338,0.0,False
123,1.861,1.5000000016382276,-0.6972841180677989,0.4930186127080432,-0.0645733360653585,0.1719014595407436,0.0,False
125,1.855,1.5000000070683823,-0.6994545485197355,0.8914985370068328,-0.0451062099861333,0.325186275227069,0.0,False
130,1.839,1.4999999941678115,-0.7043993552886295,0.2368529789545605,-0.0526858277411342,0.4089555814708414,0.0,False
132,1.84366666666667,1.5000000050630489,-0.7030687870549966,-1.3606248548683195,-0.0877484773089055,0.5065978510909268,0.0,False
133,1.845,1.5000000000161655,-0.7026158276563685,-1.1827319729114625,-0.1293687790608843,0.5881862289102796,0.0,False
134,1.824,1.4999999983179184,-0.7044559752134065,-1.912092625418797,-0.1582566598074665,0.6990972008351428,0.0,False
137,1.787,1.4999999963285593,-0.7014268092348155,-3.7372732052858346,-0.1971885658916072,0.8972102101575591,0.0,False
138,1.815,1.5000000012961492,-0.7016249789716723,-2.936755432205366,-0.2267568743031761,1.180976214167493,0.0,False
139,1.83,1.500000003499417,-0.7014551191972039,-2.801556884209325,-0.2771696319379059,1.1309256775675718,0.0,False
140,1.808,1.4999999983982537,-0.7031348436339488,-3.12176397297772,-0.3081956178496377,0.8046712820374431,0.0,False
142,1.802,1.4999999983395045,-0.7042861154389382,-1.1364798206611817,-0.3527019777134331,0.4854513431564777,0.0,False
143,1.771,1.4999999992351287,-0.7051637242738058,-1.7164105022484109,-0.3985363153488184,0.197752593353568,0.0,False
148,1.793,1.4999999999291418,-0.7087968361174174,-1.4139926707290753,-0.4547893022626493,0.1700698678200629,0.0,False
151,1.778,1.500000001087092,-0.7116561423215401,-1.488707673979683,-0.4954596116588947,0.0949108376229548,0.0,False
155,1.762,1.5000000027674398,-0.7120996650659929,0.0518443483401129,-0.5220534402470003,0.0421331762696166,0.0,False
158,1.789,1.5000000045251796,-0.7129772739009977,-0.2505735017125126,-0.5120462999874041,-0.0981482385858163,0.0,False
161,1.77825,1.4999999990954664,-0.7148834780371254,-0.1367220370593203,-0.5196855338363188,-0.1465449998452418,0.0,False
162,1.8085,1.500000003023633,-0.7170444718348868,-1.0083970076054445,-0.5137566354992952,-0.2007874025241753,0.0,False
163,1.80266666666667,1.5000000038420862,-0.7174596846169511,-0.567222759416014,-0.492188969936305,-0.2980984449201953,0.0,False
169,1.78455555555556,1.5000000061119392,-0.7222629415737651,-0.2505735145164234,-0.5041699901090546,-0.2967259695015783,0.0,False
170,1.81138888888889,1.500000003283614,-0.7239332293563349,0.621101446705612,-0.4928507227869426,-0.3192948340277379,0.0,False
172,1.78525,1.499999997006958,-0.726669859056591,-0.111817021712099,-0.4905561330798552,-0.3242766898108686,0.0,False
175,1.78066666666667,1.4999999958069803,-0.7277362009744147,0.1550222562815416,-0.4621066088365332,-0.3611197362247247,0.0,False
176,1.80533333333333,1.4999999969893347,-0.730387900787368,-0.2185527287536771,-0.4376883248526971,-0.3750084753923136,0.0,False
178,1.78340277777778,1.5000000043150312,-0.7306898737198783,0.5570600137694901,-0.4107322724798266,-0.3774157199306477,0.0,False
179,1.81505555555556,1.5000000041319594,-0.7322846682693204,0.3329150313077281,-0.3852068901547095,-0.3715869572200521,0.0,False
180,1.83075,1.5000000058292238,-0.7339549560520273,0.2795471636995938,-0.3456930353244863,-0.3964696294752377,0.0,False
182,1.8225931712963,1.500000003483823,-0.7345966485334743,0.1443486215976454,-0.3362670820801635,-0.354627958128793,0.0,False
186,1.89110792824074,1.499999994052788,-0.7379655340611393,0.3542622580435465,-0.3262515245942071,-0.3313395450418037,0.0,False
187,1.82484567901235,1.500000007896971,-0.7367670789854109,0.8843828159275555,-0.3243710913369305,-0.3137500077598938,0.0,False
188,1.8651746559928,1.4999999943300433,-0.7375975045496768,-0.1331641413439662,-0.3124824111385078,-0.3074786667110818,0.0,False
189,1.83482118859311,1.4999999938565796,-0.7385506066176719,0.0625179927708148,-0.3134505147332405,-0.2743257146669512,0.0,False
190,1.80822685185185,1.5000000016086343,-0.7396641318060975,-0.2221106230354602,-0.3127114068243136,-0.2710597143877821,0.0,False
191,1.82766666666667,1.5000000016928146,-0.7392961022947723,-0.375098470174758,-0.3212494334010137,-0.2538602862533074,0.0,False
192,1.88227199074074,1.4999999963809836,-0.7400510346257733,-0.446255565923126,-0.3199526571105346,-0.2254721149318722,0.0,False
193,1.86183333333333,1.5000000003678016,-0.7400793445881617,1.0231393014281576,-0.3163076814201563,-0.178160791965802,0.0,False
194,1.8078125,1.5000000034593497,-0.7406549804907937,0.6282171589429505,-0.3051225576784677,-0.1391771241297548,0.0,False
195,1.8545625,1.500000003815791,-0.7435048500407412,0.5570600180667711,-0.306129163592909,-0.183420535033342,0.0,False
196,1.88379899691358,1.4999999940292057,-0.7441087959056243,0.0874229897532219,-0.3031637831200173,-0.2322932077630821,0.0,False
198,1.86673755787037,1.499999992531455,-0.744741051732896,-0.0940277006091404,-0.2842755528028466,-0.2327642516023778,0.0,False
199,1.89241666666667,1.5000000008876986,-0.7448920381991512,0.3186836311830688,-0.2629764189290465,-0.2703147873653633,0.0,False
200,1.83079166666667,1.4999999989571449,-0.7458734502296721,0.3257993612985378,-0.2517174266777555,-0.32163584086074,0.0,False
201,1.87069444444444,1.5000000063589984,-0.745779083688194,0.4823450016074883,-0.2348335054567924,-0.3660796484248755,0.0,False
202,1.90597916666667,1.4999999989566826,-0.746817115643492,-0.378656305238774,-0.2208525912453341,-0.4088520858979601,0.0,False
204,1.907,1.500000000372165,-0.7468076789893167,-0.0548913387936733,-0.2216403877526069,-0.4465720172698615,0.0,False
208,1.91061149691358,1.4999999957378307,-0.7489214895164764,0.1870429690353875,-0.2176164000131195,-0.4565593932378524,0.0,False
211,1.91987037037037,1.5000000022001272,-0.7490441660203431,0.3613779028050427,-0.2218428553588416,-0.4709542563394565,0.0,False
212,1.87497222222222,1.5000000024662452,-0.7511485398933274,0.7420685881221475,-0.2145345328463003,-0.4759032264922561,0.0,False
214,1.90375925925926,1.4999999951484195,-0.7529792507961902,0.0660758390013855,-0.208588028927047,-0.4814365181658129,0.0,False
215,1.90313194444444,1.499999994339252,-0.7550364413985728,0.4432086784367802,-0.2139622557539031,-0.4802791776468281,0.0,False
218,1.888,1.4999999996787092,-0.7564802494818972,0.0696336583768629,-0.2183668231908674,-0.4703064233157525,0.0,False
221,1.98433333333333,1.5000000020260282,-0.7576409579409245,0.3080100508674017,-0.2137348497064038,-0.4743787041488014,0.0,False
222,1.94616666666667,1.500000000499871,-0.760594630686388,0.2404107826879491,-0.2115659515876944,-0.4772594120099114,0.0,False
223,1.92233333333333,1.5000000029426528,-0.760245474483276,0.2724314742262774,-0.2044569646834225,-0.4758957138629582,0.0,False
224,1.94666666666667,1.4999999994201991,-0.7646995752369782,0.2155057934315763,-0.2104820601575162,-0.4712712533229274,0.0,False
226,1.90694444444444,1.4999999999067253,-0.7661716932826909,-0.0264284797762326,-0.2083321597356823,-0.467216407376951,0.0,False
230,1.97347222222222,1.4999999960251056,-0.7679457842607766,0.0304972626488406,-0.2099282770118023,-0.4646750872881816,0.0,False
232,1.981,1.5000000079594338,-0.7715883327584261,0.7634156814473603,-0.199567713868752,-0.4565827833481062,0.0,False
235,1.95197222222222,1.49999999365061,-0.7715883327584261,1.14054863948943,-0.1991591579203261,-0.4423058323996974,0.0,False
237,1.92475,1.4999999991248922,-0.7731548173454798,0.2439686511479391,-0.1953598320483552,-0.4289460384010753,0.0,False
238,1.97878009259259,1.4999999949399272,-0.7738436930976657,0.8594779319141841,-0.1845034669605414,-0.3757274956714421,0.0,False
239,1.9585,1.499999999353272,-0.772862281067282,-0.029986332141974,-0.1830120761892713,-0.3444253409103298,0.0,False
240,1.98704552469136,1.500000000366006,-0.7750232748650435,0.8132257444399816,-0.183928999853629,-0.2403047666182603,0.0,False
241,1.95217592592593,1.5000000011657053,-0.7769577889635596,0.5036921874336416,-0.1764349174756533,-0.0711075860719464,0.0,False
242,1.98828819444444,1.4999999944876186,-0.7758348271209589,0.4289772495190428,-0.1784389357600921,0.2219140696895586,0.0,False
243,2.02322685185185,1.4999999947686982,-0.7755706008050124,0.2368529738847301,-0.1723954011156767,1.147300714424509,0.0,False
245,1.97536805555556,1.4999999978306595,-0.7761179267451185,-0.0335441765497591,-0.1753331282257368,1.6588981422587117,0.0,False
246,1.99480671296296,1.4999999946606308,-0.7766841259935752,0.564175810696244,-0.1778695844533735,2.3781391436370813,0.0,False
247,2.01725,1.5000000011795631,-0.7766086327604477,-0.5031813143715907,-0.1815278967592812,3.2024608802574277,0.0,False
248,2.03811284722222,1.4999999962675532,-0.77792032768573,0.2546422458339198,-0.1827939216159783,2.825001150644753,0.0,False
249,2.02941666666667,1.4999999963647983,-0.7758537004293093,-0.0121970230581642,-0.1911538438339774,3.1710794433509126,0.0,False
250,2.03583333333333,1.499999995699193,-0.7773918750538371,-0.4213505621527696,-0.1940935660515436,2.738021170705757,0.0,False
251,2.00475,1.499999995990522,-0.7759480669706501,-0.2470155759480185,-0.1965295597257815,2.759991699618991,0.0,False
252,2.082125,1.5000000054498417,-0.7763915897151029,-0.7984834696645526,-0.1918766344423294,2.121326558554679,0.0,False
253,2.08967361111111,1.50000000131574,-0.7750987680981711,-0.4177927499506286,-0.2007997552626833,1.2730815615034423,0.0,False
254,2.06397916666667,1.499999994496496,-0.7763349697903259,-0.6632848226141167,-0.2058518024697571,1.1095532079438457,0.0,False
255,2.029,1.49999999334057,-0.7755422908427612,-0.1438377040422772,-0.2048649113098219,0.6732734174936542,0.0,False
257,2.06815972222222,1.500000004255976,-0.7740796094510863,0.4005143111521649,-0.2090411007249821,0.0916146810285113,0.0,False
259,2.09204166666667,1.5000000078854911,-0.7792225859569745,0.5463864123797096,-0.2209785001388129,-0.181204570625146,0.0,False
260,2.07465277777778,1.5000000025147973,-0.7775617348284428,-0.4569291853127867,-0.2273425968257962,-0.2908035409633122,0.0,False
261,2.092,1.500000000707556,-0.7782411739264535,0.8381307397163331,-0.2357855761440947,-0.3487270182259762,0.0,False
262,2.116,1.4999999982025856,-0.7788545564455119,-0.2114370247612341,-0.227988710921743,-0.3710674830384861,0.0,False
263,2.133,1.5000000087925207,-0.7809966769350601,0.3542621331619959,-0.2319852077376798,-0.3894817065318,0.0,False
267,2.147,1.5000000034272991,-0.7795906154682997,0.2012743323111146,-0.2240788996242834,-0.3997655178183417,0.0,False
270,2.12533333333333,1.5000000016029025,-0.7815628761833796,0.4681136147249544,-0.2144809720871129,-0.4207147622112734,0.0,False
275,2.153,1.499999996474379,-0.7859226103956036,0.2973365269945107,-0.204453407524276,-0.4260017310155307,0.0,False
290,2.169,1.499999998765526,-0.7927264380298861,1.0693914554416823,-0.2018332493426426,-0.4176233831319832,0.0,False
300,2.19,1.5000000002313107,-0.7948496852110838,0.5535021920342851,-0.1947147841709055,-0.4037665789767685,0.0,False
301,2.215,1.5000000036005008,-0.7954253211135784,0.4859028821185511,-0.1832395664840113,-0.414799540893613,0.0,False
304,2.252,1.500000005255829,-0.7949251784442113,-0.2648049351580285,-0.1829658123660685,-0.4148391266515583,0.0,False
305,2.258,1.5000000077466338,-0.7935757369023652,0.9484242411219156,-0.1707342343409556,-0.4154625737045233,0.0,False
307,2.21383333333333,1.500000003130331,-0.7934813703610244,0.0731914866935658,-0.1683510891375138,-0.3948572705802969,0.0,False
310,2.237,1.4999999945646771,-0.7936040468647536,0.3329151122298249,-0.1493622940274271,-0.3250659017610821,0.0,False
313,2.267,1.500000007783331,-0.796482226377227,0.521481415101196,-0.1403627097840521,-0.1288313529849443,0.0,False
314,2.283,1.4999999957555206,-0.7960198303244236,-0.0442177302217281,-0.1327740164687641,0.1602709491310154,0.0,False
317,2.304,1.4999999967022604,-0.7968125092719883,-0.4640448530252323,-0.1366612954816187,0.0334980461343895,0.0,False
320,2.298,1.4999999978732073,-0.7989074464909348,0.3542622256752581,-0.1350185082868892,-0.1537176727784746,0.0,False
321,2.32,1.499999993544841,-0.7986715301373769,0.3151258362668049,-0.1336094113475469,-0.2605176294182631,0.0,False
326,2.326,1.5000000049117186,-0.798879136528409,0.2795471714015181,-0.1331023719066673,-0.3534150081027544,0.0,False
327,2.378,1.499999999873362,-0.798322373934265,0.6887007572704605,-0.1422147014009732,-0.3928165207622511,0.0,False
330,2.366,1.5000000037875976,-0.7999266051378823,-0.3003834922336614,-0.1361011836617104,-0.3789433453845387,0.0,False
331,2.372,1.5000000022329436,-0.8009646370931802,-0.5352020347326673,-0.1356783448929971,-0.3772327787814054,0.0,False
332,2.449,1.499999999444818,-0.8006909741231958,0.0518443757950697,-0.1310197311484048,-0.3602413935938469,0.0,False
333,2.381,1.5000000016614077,-0.8010023837097441,0.3257993384122541,-0.1176028396560084,-0.3544707556068946,1.126036888192149,False
336,2.44,1.500000004183416,-0.806003810403415,0.5748492993393407,-0.1002330076240199,-0.3512932170585264,1.1800845982096286,False
338,2.471,1.4999999986589545,-0.8082686073968298,-0.2576891682087076,-0.0805461568294871,-0.332248308332309,1.2314968593614404,False
342,2.514,1.499999992467026,-0.8129114412332136,0.4325351236438705,-0.058553233447964,-0.3207814478036217,1.3071954414221578,False
343,2.501,1.4999999926392809,-0.8117224228116605,0.4965765466879713,-0.0314210148725851,-0.2905294727413319,1.3830193320341864,False
347,2.575,1.4999999997755455,-0.8109297438640958,-0.4782763049886104,-0.0125600102857824,-0.2755213678893662,1.4389398394853465,False
351,2.597,1.499999994908117,-0.8128548213082992,0.0198237011224847,0.0148621321132999,-0.2328790302714479,1.506633015654176,False
353,2.606,1.5000000027750562,-0.8121376355938621,-0.7273263112176306,0.0357497022757561,-0.2118416057802549,1.5598282440200628,False
355,2.674,1.4999999933666504,-0.8132605974363255,-0.1402798473260031,0.0551021908734509,-0.06821989993346,1.5962660532966684,False
356,2.643,1.4999999976097953,-0.8116752395409214,0.1016543876502389,0.0683005882819889,0.3162984664108517,1.606987802159595,False
357,2.665,1.4999999920602376,-0.8111467869091659,-0.1118169813383333,0.0726027727108993,0.6684132569340128,1.6255008494248069,False
359,2.705,1.5000000068217696,-0.8138079233764317,0.0091500322286611,0.083679677936511,0.5633287727681705,1.644143350527738,False
362,2.732,1.50000000321612,-0.8132889073988514,-0.2149949222266833,0.098136498112728,0.3868346331873193,1.6876971515002515,False
365,2.695,1.5000000016598267,-0.8119300292028299,-0.0940277751947555,0.1028747125283835,0.1607610426215531,1.7640680579961248,False
369,2.769,1.4999999963673405,-0.8124018619096712,-0.3430777155066027,0.1302253298699304,0.1790656048142128,1.8943982682634832,False
370,2.748,1.500000004131444,-0.8145062357826557,0.1158857610546323,0.1521750341262147,0.1279941200075246,2.0199452226181718,False
371,2.7785,1.5000000054629978,-0.815704690858384,-0.834062038635352,0.2045708010099332,0.1338963602682329,2.217981588672446,False
372,2.742,1.4999999986009604,-0.8143741226247511,-0.5529912906436234,0.2526511662143793,0.1243153640492687,2.4452432511853477,False
374,2.763,1.5000000024954012,-0.8160821570238845,-0.926566295061222,0.3214132232924871,0.1118970998079793,2.7516927781117193,False
378,2.831,1.4999999993309343,-0.8195831557094542,-0.915892700235138,0.386098699535459,0.0972722692115144,3.0744087298351106,False
382,2.809,1.499999998233873,-0.821744149507353,-1.723526208955693,0.4659037731909013,0.0045441649422944,3.5002928949365506,False
384,2.816,1.5000000039985175,-0.8219517558983851,-1.1756162887903086,0.5453727214008279,-0.0742967002849137,3.952097857258917,False
385,2.893,1.5000000036693444,-0.823678663605869,-1.4922655495891315,0.6641105440936561,0.0368866514761943,4.488335916117603,False
387,2.846,1.500000002334808,-0.8220272491315126,-1.0333020006427822,0.7780711024664198,0.0225181771350471,5.137342459921559,False
388,2.877,1.4999999988721786,-0.8207910474393578,-1.1222483970604238,0.9896177931371726,-0.0038171454061124,6.103737517480042,False
389,2.883,1.5000000003783176,-0.8201493549579109,-1.1507112635305872,1.1688796679875653,-0.0168398200132846,7.118769603818166,False
390,2.868,1.500000002017729,-0.8209514705596509,-0.9265662914220522,1.3990259976872834,0.010986712611673,8.494131530820198,False
396,2.93,1.500000006103392,-0.810306924690862,-0.0513335289153875,1.5630768846655898,-0.001064466649898,9.867023050497902,False
397,2.92,1.5000000032349583,-0.808183677509527,-0.6312641787052601,1.7387324452858235,0.015173796323044,11.209923491166206,False
399,2.945,1.4999999924326586,-0.8020026690484783,-0.058449130623105,1.8143384936428035,0.0201712811776766,12.775018490901243,False
401,2.973,1.500000002918926,-0.7960670135950254,2.179442768648548,1.83915893964672,0.0220894943481524,14.25716702833109,False
402,2.951,1.5000000039184005,-0.7911410801344819,1.9588556317984689,1.7839891999803064,0.0227037143178641,15.361587669215911,False
407,3.05,1.499999994229476,-0.7741362293758633,3.609701331820864,1.6966454567600715,0.0294093930086801,16.169293180123212,False
408,3.003,1.50000000255891,-0.7727396045634154,3.595469815597565,1.551789681357993,0.0363273347886543,16.39199738790643,False
410,2.997,1.5000000014508947,-0.7687856464792178,5.136021863249283,1.3699036732852985,0.0411000796656475,16.32454880523376,False
411,3.056,1.500000006134958,-0.7664642295610259,4.445797573003149,1.160211479832075,0.0722381522783717,15.789544112761787,False
415,3.071,1.5000000042365458,-0.7638502763643618,5.673258221019222,1.0100774865705202,0.1093259742841903,15.176841074356851,False
416,3.08,1.5000000057810488,-0.7659923968540473,5.463344646210308,0.827604487849597,0.1145158714284382,14.569287736105789,False
417,3.102,1.50000000114877,-0.7654073242973773,4.9794761633222135,0.6990107843433855,0.0874658480942739,13.656995114238258,False
418,3.124,1.5000000000590787,-0.7671625419672499,4.80158333095237,0.643729205782771,0.1753106435023578,12.758307503780891,False
419,3.117,1.5000000046748505,-0.76782310775691,4.4457975893565465,0.6303048969716358,0.2525238394574806,12.17940791147583,False
422,3.139,1.4999999949445666,-0.7729000276837086,4.154053431639428,0.6570329269077841,0.1988123728372128,11.712476069789824,False
423,3.176,1.5000000002811444,-0.7731076340747407,3.3499777138091886,0.6959119826313248,0.1610804333768173,11.487492222939913,False
425,3.18816666666667,1.4999999970787692,-0.7750798947898205,3.132948476058857,0.7082568289469809,0.1085562494630648,11.400681481727112,False
426,3.2015,1.4999999978694083,-0.7765803227980591,2.673984927246871,0.7498548938779487,0.0760965255285536,11.336124504093553,False
428,3.216,1.5000000018897182,-0.7810438602057992,2.5636913232484955,0.7307366431091591,0.0145156418433709,11.233947331089531,False
430,3.274,1.49999999713519,-0.7852714812599814,2.542344229093976,0.7364401309143424,-0.0232107367943993,11.084874990854672,False
431,3.238,1.4999999994039348,-0.7876495181029503,2.3288727925355004,0.7153549136723499,-0.062513238041445,10.860608737708978,False
433,3.281,1.49999999847754,-0.7904050211116942,1.2401685893616847,0.7023471449633617,-0.0915124379118549,10.541639314246234,False
435,3.296,1.49999999891408,-0.794462782391408,1.2045900163805223,0.6576653421943965,-0.1275872065576616,10.10520322655886,False
436,3.311,1.50000000107624,-0.7971711021292757,1.0729492916470544,0.636628884552589,-0.1420892947303072,9.583815178080387,False
438,3.327,1.499999991655436,-0.798312937280227,1.1405486574392816,0.5874840888963885,-0.1613175072865524,8.991212085071673,False
441,3.348,1.499999992150764,-0.803710703447749,0.8772672410901754,0.536106976836873,-0.1595647517219266,8.318483182757225,False
442,3.336,1.4999999986500292,-0.802625488221712,1.165453592846159,0.4608590414544289,-0.162414901485091,7.669925577272243,False
445,3.379,1.4999999944792823,-0.8046543688615688,0.2439686901401294,0.3966277869495631,-0.167546107220021,7.021309946811579,False
446,3.373,1.5000000023838995,-0.8052394414182388,1.012465712752178,0.3205978611417192,-0.2063177290723371,6.354376122292532,False
449,3.404,1.4999999988212669,-0.8077307181108989,0.2155057984505889,0.2498646695828551,-0.2485105214450749,5.70099609311907,False
450,3.432,1.5000000031865028,-0.8083724105923459,1.0978542710162458,0.2071298937745012,-0.2208875423307936,5.090683412426348,False
452,3.416,1.500000008242832,-0.8081553675471385,-0.3146149555573851,0.1639551936859231,-0.2186173155312826,4.5473123328052285,False
453,3.472,1.500000000085114,-0.8100238250667023,0.5961964760628663,0.1354732970713318,-0.1877166551362648,4.114739143429312,False
454,3.462,1.500000000048999,-0.8093726959310801,-0.0406599085705612,0.1020571808769791,-0.1099575687875513,3.728845465663969,False
457,3.478,1.4999999939628423,-0.8107410107812768,0.3613779726340478,0.0799745913198891,-0.0684915845695508,3.4402406253685833,False
458,3.484,1.4999999997331035,-0.8114865064582398,0.101654370044093,0.0622531812837131,-0.0644600372745137,3.1890920194834442,False
460,3.509,1.4999999913038804,-0.8126849615338309,0.8025522532165829,0.0489055275653401,0.004505002884129,2.9668580781560707,False
462,3.524,1.4999999972448217,-0.8130341177370801,0.9057300513805292,0.0343219416260611,0.0974002230849369,2.8251011568815727,False
463,3.567,1.499999994397197,-0.8138267966846449,0.1372329834855833,0.0269801684580814,0.1643358177781613,2.7275432687838173,False
468,3.613,1.5000000022986268,-0.8154687745049634,0.599754313833494,0.0136628153825406,0.2388688854855475,2.6328529648778436,False
469,3.561,1.500000006684174,-0.8138645433012087,0.2795471564727758,0.0044651631309381,0.2002883302531198,2.5484433153352377,False
470,3.598,1.5000000052068196,-0.8140815863464161,1.1654535337223622,-0.0122208078087619,0.3355786519339639,2.407922599945717,False
472,3.604,1.4999999939003452,-0.8156386342794317,1.2117057755300569,-0.0311890580203904,0.4797984034645894,2.26459817109526,False
474,3.629,1.5000000018254924,-0.8170730057085808,0.5072500386605322,-0.0515943153238976,0.6172560343281036,2.1354712397620172,False
476,3.644,1.5000000069870258,-0.8153460980010968,0.9875606735622224,-0.068408198366139,0.7156732308094513,1.9743008830480688,False
477,3.659,1.4999999975273477,-0.8140721496923782,0.5997543550387606,-0.0891076746768876,0.610159609824658,1.833678258131416,False
478,3.681,1.4999999995545077,-0.8158462406704639,0.2226215061338798,-0.1082094978096201,0.6093487488287354,1.6423828311714657,False
479,3.6505,1.5000000001087217,-0.8156669442418202,1.001792162340855,-0.1202597919366355,0.3973090193605905,1.4462399802063532,False
481,3.733,1.5000000010712458,-0.8176486416110754,0.1407907847642542,-0.1290328268567248,0.3135190630265386,1.2976257580362602,False
482,3.696,1.4999999988296129,-0.8151856748806664,0.7776471889002922,-0.1377880957345658,0.3468054242374382,1.149669985579323,False
484,3.712,1.5000000051912097,-0.8165068064602613,0.2937785965978225,-0.1457909111924527,0.321359854490353,1.0780819733286224,False
486,3.755,1.499999999318776,-0.8179789245058368,0.2653157909027474,-0.1532710329058195,0.2394581384546938,1.03285369945932,False
488,3.72283333333333,1.500000001298765,-0.8174127252575174,0.7563000259026749,-0.1579907925295187,0.2518881594684089,0.9655944134243941,False
490,3.7445,1.5000000041317394,-0.8191773795815652,0.5606178722243601,-0.1668854911778536,0.3143070786925959,0.9345023739863494,False
493,3.77,1.4999999987161392,-0.8187149835287618,0.7847629036996197,-0.1704193269611092,0.5176832020480022,0.9203089579120302,False
494,3.795,1.5000000058872418,-0.8208099207475711,0.1158857464836477,-0.1713964478508983,0.6093471115718824,0.9416065588941591,False
497,3.78,1.500000005473184,-0.8198756919877891,0.3613778750587265,-0.1741813967496819,0.5006083776541144,0.9751468049704902,False
498,3.749,1.500000005468324,-0.8201682282661241,0.1656957463574934,-0.1755181930905731,0.5728594051434059,0.9883115520815028,False
501,3.801,1.5000000020465711,-0.8199323119127034,0.2475264834911115,-0.1786646623532723,0.7781498792850176,1.015743149750839,False
504,3.764,1.4999999996442095,-0.81961146567198,0.1692536518576208,-0.1810530748375619,0.8978443436664663,0.9968888706882937,False
507,3.786,1.5000000091955774,-0.8205456944317618,0.1728114290032933,-0.1810597951932138,0.8797499874097526,1.0078654487571095,False
513,3.838,1.4999999968969977,-0.8167144128512934,-0.1118170208146312,-0.1839249412925674,0.8106499056029706,1.0538933950804084,False
514,3.869,1.4999999946328908,-0.817431598565868,0.7776472256413368,-0.1839607044084045,0.854836110295875,1.1094262944009223,False
517,3.832,1.4999999984179015,-0.8173655419867784,0.2831050830131539,-0.1842333553001195,0.7865342960014764,1.1570392569334529,False
524,3.82833333333333,1.499999997910343,-0.8208854139806986,0.2795472303974192,-0.1845743950636437,0.9834617694130808,1.1879095140332394,False
526,3.847,1.499999994852978,-0.819271746122906,0.6460065180052781,-0.1843855176589224,1.0695602771234576,1.2333884360618157,False
529,3.86,1.500000004304855,-0.8196963955591455,-0.0121970883900374,-0.1843019216234105,1.4405214187499673,1.3126797077342762,False
530,3.854,1.500000000715231,-0.817384415295129,0.0127079394203775,-0.1843880882956276,1.810630085748712,1.373525446197192,False
531,3.875,1.500000002090302,-0.8175731483779478,0.3542621899461622,-0.1843945534885953,2.0147676037683326,1.5181117352027478,False
532,3.88166666666667,1.4999999916555915,-0.8175825850319858,-0.0050812704707742,-0.1849567233386569,2.2912462427379947,1.6174734125649697,False
533,3.89,1.5000000070799473,-0.8201587916119488,0.1621378760355392,-0.1845023372882391,2.722786064728312,1.7027379597522576,False
534,3.884,1.4999999985368524,-0.8187527301453257,0.393398645976719,-0.1854573618007683,2.8703223077200777,1.773629770402019,False
536,3.915,1.499999994825241,-0.8194416058973744,-0.1723005713995845,-0.1859949615536202,3.4676001243573378,1.8937987024781988,False
538,3.921,1.4999999993361652,-0.8196869589051076,0.54638648590841,-0.1868289091611982,3.705977430304983,2.0507101930704668,False
540,3.906,1.5000000001744247,-0.8193000560852944,0.7491843219309647,-0.1872409635618402,3.327787328796997,2.311639772908512,False
542,3.958,1.4999999961692938,-0.8187432934911504,0.1479065394161233,-0.1880025004032189,4.016574277209224,2.469475828514545,False
543,3.943,1.4999999986942945,-0.8199700585292672,0.660237912324819,-0.1872750953462678,4.966821527830305,2.6323028811803812,False
545,3.927,1.4999999938083193,-0.8189037166114435,0.3435886893580837,-0.1877106024779082,6.679777813238893,2.6035000623744597,False
549,3.983,1.500000007097851,-0.8189603365362205,0.7776471165143556,-0.1864622975869058,9.58816965868947,2.562375207667872,False
550,3.989,1.4999999949819345,-0.8186961102204113,-0.1758584295710155,-0.186517061418832,7.311968635299823,2.542814061633623,False
552,4.011,1.4999999974441969,-0.8199417485667414,0.7136057767477254,-0.1874024677252463,7.39197627936169,2.493261561544212,False
553,3.995,1.4999999958897434,-0.8204041446195447,0.6887007919355126,-0.1877822782277474,3.0859380957643303,2.366971987433684,False
554,4.004,1.4999999983107537,-0.8202625948074649,0.2724315132170932,-0.1867754066448769,3.0958068704698,2.201778770416205,False
556,4.02,1.4999999998256035,-0.8189037166114435,-0.4391398794944105,-0.1870088886807597,2.547602761630602,1.8748041442163605,False
557,4.035,1.499999998341391,-0.8200549884164328,-0.2541313087309443,-0.1870331509467819,1.950405507633672,1.6205393335431013,False
558,4.094,1.4999999983665664,-0.8185545604083314,0.8737093293431551,-0.1876288908901341,1.336820772773492,1.3591974020836965,False
563,4.103,1.4999999977497795,-0.818630053641459,0.909287903834838,-0.1882126584775618,1.0077979693682628,1.2343559880226151,False
564,4.072,1.4999999977637195,-0.8175731483779478,0.0554022466173019,-0.1857470847684938,0.8009984065979174,1.1456441700002962,False
566,4.057,1.4999999977587826,-0.8189320265739692,0.3115679437820951,-0.186931331810408,0.7076542349897139,1.0538617459754684,False
571,4.088,1.5000000031223573,-0.8157141275125592,-0.0193127924452784,-0.1828179134666966,0.5842309296520674,0.9898798948664235,False
583,4.109,1.500000004413974,-0.8187244201827998,0.2546421773807522,-0.180609024511262,0.4942204990000923,0.9545282442950853,False
584,4.115,1.499999997280869,-0.8206683709354912,0.4111879411954394,-0.1807413868954603,0.4505228342564531,0.965724074089122,False
587,4.10933333333333,1.4999999963204915,-0.8218668260112195,0.5997543654612938,-0.178398267585168,0.3663479340536992,0.9976336971786398,False
590,4.131,1.4999999920065603,-0.8229614778912946,0.5285972643655034,-0.1776802330824427,0.3330970914703403,1.0626298175502897,False
595,4.155,1.5000000059032397,-0.8234804938688749,0.3898407265002706,-0.1802619835631659,0.3159441628283264,1.1268407824231703,False
596,4.146,1.500000002007803,-0.824131623004497,-0.2541313383073315,-0.182563292921422,0.2260191515229971,1.151130164699118,False
597,4.171,1.499999999398291,-0.8235559871020024,0.752742185625322,-0.181637555574416,0.2653817811860573,1.1660971386137002,False
599,4.162,1.4999999967413238,-0.8253678246966519,-0.3146148632402411,-0.1791423324556995,0.2736105616242009,1.1660556275450245,False
604,4.183,1.5000000010345806,-0.8247261322153423,-0.2719206149307923,-0.1753669452906971,0.3397762634584897,1.1800891472751132,False
606,4.208,1.50000000504598,-0.82363148033513,0.4752292990682114,-0.1735981263819992,0.2754246789764103,1.143498907274706,False
609,4.175,1.5000000014351031,-0.8239523265758535,0.1550222093451575,-0.1720838237550675,0.2459318318225053,1.0855213482184718,False
610,4.192,1.4999999953541023,-0.8227066882295233,0.0696336941962443,-0.1749818459031979,0.2288363993336451,1.03247875076069,False
611,4.198,1.4999999976986864,-0.8231785209365019,0.866593621422297,-0.1747931884034556,0.1339911213986782,0.9250361267213066,False
617,4.245,1.5000000003944325,-0.820649497627278,0.3400307767184542,-0.1731506059505438,0.0710227127862516,0.8447633464648155,False
618,4.214,1.5000000028061755,-0.8201682282662615,0.0233814928737653,-0.174774586872129,0.0718483493596931,0.814403336006529,False
622,4.229,1.4999999949431568,-0.8177807547689799,0.8096679351191788,-0.1724496403033345,0.0369662637994934,0.808326533124211,False
624,4.223,1.4999999950351472,-0.8169408925505388,0.3791672481152568,-0.1737281095308589,0.1086745709038641,0.756362877176592,False
627,4.266,1.5000000038957977,-0.8165728630392136,0.6246592982877359,-0.1771256188758304,0.114292037726764,0.6922092805737958,False
628,4.251,1.5000000041896124,-0.8188565333408417,0.5036921615125166,-0.1753158158930113,0.2603163407320917,0.7224166257243555,False
630,4.26,1.5000000005635352,-0.8177713181148046,-0.3039413232106778,-0.1771896878960086,0.3990641360476069,0.7276503124485971,False
632,4.275,1.4999999998251616,-0.815600887662868,0.329357210848159,-0.1796045504187899,0.585498237990993,0.8021237958676684,False
633,4.297,1.4999999981008874,-0.8146760955572613,0.4218615049170396,-0.1763399319881248,1.079237086738675,0.862115455484684,False
634,4.291,1.499999998653695,-0.8178562480021075,0.5179236365791362,-0.1792968422754138,1.6191869872495357,0.943008794875854,False
635,4.334,1.4999999965208817,-0.8161387769486615,0.3471465233164527,-0.1797760880886271,2.320709030013824,0.9922367310544907,False
637,4.306,1.5000000015188837,-0.8169880758212779,1.201032135925605,-0.1812183163121151,2.274057892102821,1.0087402653739757,False
638,4.282,1.4999999948565244,-0.8171107523250072,0.2012744040523685,-0.1816990515928384,2.2070663120124974,1.0733183150342958,False
639,4.349,1.499999995734676,-0.8169125825881504,1.1298750500227346,-0.1816662537640575,2.22756708874269,1.1405254558299383,False
641,4.319,1.4999999935448167,-0.8157235641665972,0.1123279921645608,-0.1820485518413439,3.0758413929999318,1.1748622220025793,False
642,4.328,1.4999999932698151,-0.8156103243170432,-0.0513334236537982,-0.1834235052884194,2.2625832788651885,1.1970426853786504,False
645,4.374,1.500000006429015,-0.8155631410463041,0.6780271296254027,-0.1829815482891157,2.550532662922489,1.1972638955532955,False
646,4.343,1.4999999996306446,-0.8154782111590013,0.0411708035946255,-0.1834115215433505,2.9121709627329806,1.2480336034837538,False
648,4.411,1.4999999997793771,-0.8150252517603733,0.6388907615076249,-0.1847472183146169,3.408907224075336,1.2598842799019767,False
649,4.359,1.5000000026980762,-0.8154027179258737,0.3613778985838366,-0.1853406953853577,3.073581671051568,1.278345692593462,False
652,4.38,1.4999999945617553,-0.8141098963089419,1.0622757792364454,-0.1848307360183102,3.207718190937306,1.2719176567042405,False
653,4.386,1.4999999988062602,-0.8168182160468095,0.653122197547888,-0.1847652995571704,3.512338927201129,1.2721779108958053,False
654,4.426,1.5000000018198338,-0.8144779258202671,0.8665935850985137,-0.1841340813663722,3.6070460361493137,1.2860938792062298,False
656,4.433,1.5000000007186336,-0.8133266540152778,0.8238993120520011,-0.1846879299563357,3.356344746243716,1.2948481108704355,False
658,4.417,1.499999997264864,-0.8156008876627306,0.1728115286423567,-0.1856524998523295,2.139117142908125,1.304038191170192,False
659,4.463,1.4999999980493748,-0.8142797560834103,0.3293572258639279,-0.1893973818060071,2.890028017429344,1.2691988875282696,False
660,4.448,1.4999999948013891,-0.8168653993174113,0.7349529412193887,-0.189407036490594,1.98948963379121,1.2664886503982222,False
662,4.439,1.4999999997379403,-0.8172523021372243,0.9021721724535544,-0.1900904522600638,1.5101137610425108,1.2432740313484745,False
666,4.485,1.4999999986650836,-0.8159217339035915,-0.097585607632989,-0.1913316197525627,1.2594985658212066,1.2773656133549551,False
667,4.479,1.500000002727015,-0.815997227136719,0.2368529070812616,-0.1908672955189955,1.4495876670027523,1.3781511941106515,False
668,4.531,1.5000000036790526,-0.8164973698060861,0.9875607029854622,-0.1908265043614389,1.5425540092935268,1.418709011088894,False
670,4.562,1.4999999972321094,-0.8151951115348416,0.6175436421337498,-0.1919115347228409,1.7217620406774536,1.4112084827280005,False
671,4.494,1.5000000068184751,-0.8185356871001183,0.6602378418359559,-0.1930746916634208,1.9872651768278944,1.4207962308359063,False
672,4.537,1.5000000027410418,-0.8168559626633733,1.677784948519072,-0.1961604583905695,1.4566468228070888,1.42303645116473,False
673,4.506,1.5000000019537307,-0.8190169564611348,0.642448599555271,-0.1976972642505624,1.229612297910287,1.4409759056731746,False
675,4.553,1.5000000038163344,-0.8191773795815652,0.404072171768471,-0.1987066944659686,0.7471757250803268,1.3879679138985805,False
676,4.522,1.4999999919153033,-0.8185073771377297,0.9768872368496256,-0.1975164698732154,0.5217165366385292,1.3594812541214039,False
677,4.547,1.49999999974742,-0.8179128679268846,-0.0442177629824094,-0.1960307523999239,0.3595231462426084,1.2837129009144148,False
678,4.574,1.500000003503739,-0.8179789245058368,-0.1189327885202147,-0.199203190209236,0.2411925520970103,1.143672595115334,False
685,4.583,1.4999999973752078,-0.8159028605952409,0.0660758205628665,-0.1968271284721975,0.145249518837891,1.0456330641182392,False
687,4.614,1.499999998524003,-0.8142986293916235,0.7705314777690153,-0.2001946110785096,0.1512906091667699,0.9993258188328428,False
692,4.568,1.5000000008954468,-0.8122225654810276,-0.2398999017430096,-0.1992288665407049,0.1514698083719899,0.9407332324228777,False
696,4.599,1.4999999974049365,-0.8128265113459108,0.2582000932179312,-0.1963547085193768,-0.0373987453792276,0.8932890338629006,False
697,4.605,1.500000002579689,-0.8104012912322028,0.3613778995874286,-0.1956423511725142,-0.0242474831947013,0.8670024296835331,False
700,4.63,1.500000003599288,-0.8105428410442826,0.6851428679936121,-0.1948875830053868,0.0358056954011352,0.9095933823593376,False
702,4.657,1.4999999962307202,-0.811297773375421,0.7847629254705062,-0.1885250095507851,0.0106854573028704,0.9592139920040333,False
703,4.642,1.5000000019442947,-0.8096274855928512,0.1194436361199008,-0.1920583867434558,0.048960969621967,1.0014907747914295,False
705,4.636,1.5000000041840484,-0.8101653748787822,0.7989942833636898,-0.1935122043747655,0.1531572464064984,1.1193936753926108,False
707,4.69025,1.4999999983978003,-0.8114204498792875,-0.0940277485581983,-0.1955619036511839,0.591381027956392,1.3200814729946329,False
709,4.682,1.500000001988312,-0.8100332617207403,0.7136057371593665,-0.1936512179131226,0.9399608047305384,1.4996697444194476,False
711,4.651,1.4999999999078215,-0.8090046664196175,0.2261793600586343,-0.1928698752320375,0.9171754005699112,1.6903924525904357,False
712,4.704,1.5000000011950332,-0.8100898816456547,0.1728114957937576,-0.1921550336874358,1.4233207122499902,1.90444972184621,False
714,4.667,1.5000000039887371,-0.8089008632241015,0.1301171898027956,-0.1904881221432415,2.1218003878229066,2.111968124930489,False
716,4.673,1.4999999943318236,-0.8070512790128882,0.5641758135021709,-0.1881200055058377,2.191834497059409,2.2914443129620072,False
717,4.688,1.5000000004227332,-0.8076269149153829,0.1763693591554463,-0.1850376604534224,2.357685005703632,2.321388453302515,False
721,4.694,1.4999999995786175,-0.8082686073968298,0.3186836422431343,-0.1832714148484018,2.39757367559576,2.3396668286572053,False
724,4.734,1.4999999947572695,-0.8083912839006965,-0.4391398392340545,-0.177327840684534,2.212045611903036,2.3556946605861966,False
725,4.719,1.499999994454274,-0.8078250846522398,-0.3110569879571783,-0.1760794968289033,2.4240174519702777,2.254193287045835,False
726,4.7255,1.5000000029669334,-0.8082497340886167,0.048286489784328,-0.1746770121350027,1.1560418255463727,2.091803220843131,False
727,4.741,1.5000000092757844,-0.8077684647274628,-0.0833542668495483,-0.1735629871922365,0.825423066584419,1.8910782686719902,False
728,4.778,1.5000000050952491,-0.8101842481869954,-0.7024213309746761,-0.1722314502934201,0.7632682169117506,1.7745793959869873,False
729,4.75,1.4999999963464363,-0.80995776848775,0.5997543652631183,-0.171043657939977,0.7703845173073509,1.557391229011219,False
730,4.756,1.500000000622878,-0.8090329763821434,-0.1473956201826017,-0.1704653940657748,0.1337811624039727,1.372173469995629,False
732,4.771,1.4999999958364068,-0.8098067820213576,0.4147458103852143,-0.161501433897861,0.0159633299567355,1.349850591747134,False
736,4.787,1.4999999970035032,-0.8121281989396868,-1.03685981732524,-0.1525672954919613,-0.0899360511146695,1.3093836150178753,False
737,4.762,1.4999999913517137,-0.8107410107812768,0.1407908657551002,-0.1479131692659934,-0.1218415475135482,1.221268854829271,False
739,4.802,1.4999999939475386,-0.8133738372860169,-0.0335441446282814,-0.142603917055651,-0.181730504364909,1.1166079752642133,False
743,4.818,1.5000000006904166,-0.8131473575867715,-0.3750984621694063,-0.1418002886255219,-0.2166176296670345,1.0933342887400403,False
747,4.725,1.5000000063477978,-0.8114298865334628,0.2155057354046058,-0.1394009621762142,-0.22286049852558,1.0944274246474184,False
753,4.71,1.4999999981988632,-0.8103257979990752,0.2404108020084598,-0.1392576026644376,-0.2642798313244507,1.0255744089858236,False
764,4.71166666666667,1.5000000017932693,-0.8013043566422543,0.2475264856191732,-0.138685181421366,-0.2869372601640156,1.0044684098058088,False
794,4.808,1.4999999982204173,-0.8012666100256904,0.6388907750116387,-0.1321569263467847,-0.2763782779506497,0.9231310165756389,False
796,4.793,1.49999999786993,-0.8006721008149826,0.4574400759337681,-0.1214633202969928,-0.2767938668534736,0.8268249165210189,False
803,4.839,1.4999999961509287,-0.803238870740633,0.5997543669256582,-0.1295733210177988,-0.3565694115862902,0.753218895950405,False
806,4.824,1.499999996037971,-0.8009457637849671,0.3613779550427927,-0.1311639610379498,-0.358202604608589,0.6524792642856687,False
809,4.83,1.5000000051014692,-0.8010495669804831,0.2368528871755767,-0.1434009484705935,-0.3436518624229339,0.6491964677777267,False
810,4.876,1.4999999962349857,-0.8008136506270624,0.816783637599696,-0.1595447667728437,-0.3583412350545876,0.6276266976581495,False
812,4.855,1.50000000044353,-0.8010212570180946,0.78120503168273,-0.1703542055437227,-0.3107487537319041,0.563908337376472,False
813,4.845,1.50000000020883,-0.798086457580707,0.1870429316535256,-0.1696297076148287,-0.1127273622016324,0.5078141105911719,False
816,4.861,1.499999995956996,-0.7983035006260517,1.1085279065672335,-0.1700060083262893,-0.1244343477652823,0.5035939017533428,False
818,4.891,1.5000000022698117,-0.7966615228058705,0.9519821465749698,-0.1636933342697226,-0.1419145958980626,0.48132478674336354,False
819,4.922,1.5000000006560277,-0.7970201156631578,0.2332950675800819,-0.160341030295545,-0.1433835813055419,0.43950542282805877,False
820,4.87,1.4999999974696174,-0.798265754009488,0.2902208048142624,-0.1550443235717287,-0.0605772389998463,0.45411550498085734,False
823,4.885,1.499999997800141,-0.7962557466778443,0.1016543860954871,-0.1631140107913375,0.0970172531014532,0.47985897576195075,False
826,4.898,1.4999999974206135,-0.7948119385945199,0.2261793809189824,-0.18295665216157,-0.0889362186267263,0.46245956514008263,False
829,4.928,1.4999999966738935,-0.7946798254366154,-0.0228705963118757,-0.1816657648247852,-0.2181647665584357,0.4605230039257769,False
830,4.938,1.5000000034857222,-0.7944250357748442,1.1120856958734495,-0.1871624690970805,-0.2144958766979629,0.5057046083940289,False
831,4.913,1.500000000046826,-0.7946892620907907,0.8843828852376994,-0.1890420583499783,-0.2477709648813898,0.5332383334592495,False
838,4.907,1.4999999938331612,-0.7943872891582804,0.5357129625064966,-0.1610473186820823,-0.3589912892246545,0.515112433753388,False
879,4.86783333333333,1.5000000007229544,-0.7954819410384928,0.315125775663815,-0.1426085301791508,-0.4313743183306371,0.5369587549686183,False
881,4.944,1.5000000065647476,-0.7943684158500672,0.649564273371468,-0.1488990382991318,-0.4515868648771756,0.5977152336414029,False
947,4.71866666666667,1.499999999192169,-0.7941513728048598,-0.2576891725088041,-0.1579117846698568,-0.4646519249277582,0.6009121221243257,False
957,4.62,1.5000000002903744,-0.7878005045693427,0.0233815136337933,-0.1808154888126357,-0.4712322332083666,0.6337705935870517,False
965,4.59,1.4999999977852398,-0.7863283865236299,0.3791672247437019,-0.1941912043207509,-0.4791780540005065,0.7114534910197637,False
973,4.516,1.499999996534095,-0.7875928981781732,-0.1331641592755783,-0.2145245605684021,-0.4775103890198148,0.758018067538013,False
989,4.48183333333333,1.500000003794444,-0.7877155746820398,0.2190636136795131,-0.2031074147147767,-0.4953798447901166,0.7971276582295033,False
1003,4.454,1.5000000006755023,-0.7814496363336882,0.7456264606683265,-0.155592017589889,-0.5041668621382117,0.8354211936453273,False
1040,4.402,1.500000002387912,-0.7762217299407719,0.6815850216169611,-0.089423826884078,-0.5077496648244102,0.8531132193735876,False
1045,4.396,1.4999999999172802,-0.7766086327604477,0.2937786410682338,-0.0649630711198188,-0.5097191606635558,0.9201019229299442,False
1066,4.18066666666667,1.5000000000283995,-0.7731265073830912,0.1479065072509707,-0.0701697767869636,-0.5111700018860166,0.9018356681460821,False
1079,4.063,1.5000000031781664,-0.7679363476066013,-0.3715406251576578,-0.1101103908906258,-0.5123684248326507,0.9558504896035317,False
1094,4.037,1.500000004335208,-0.7680307141479421,0.1194436162631969,-0.126189977330855,-0.5126224568613486,1.042312308328037,False
1110,3.99966666666667,1.4999999981502217,-0.765643240650798,-0.5672227146886606,-0.1145192968536162,-0.5128288199476861,1.055471595252386,False
1139,4.0015,1.5000000008708494,-0.7535737600070354,0.2617579209600349,-0.1141335323277775,-0.5131485071305145,1.0866665204860761,False
1185,3.967,1.4999999921471268,-0.7412589263555396,0.7918786750775698,-0.0755517741637722,-0.5126259844615062,1.0836921156233141,False
1229,3.80508333333333,1.4999999980120349,-0.7266321124401645,0.9768871826906468,-0.0156649183964165,-0.5103745863685218,1.0720227559998758,False
1230,3.79089583333333,1.4999999949183656,-0.7279060607488831,0.5535022377277227,0.0040449974844572,-0.509765597171974,1.080395739366501,False
1231,3.81191666666667,1.4999999954265364,-0.7276512710871119,-0.0264284429551314,0.0099220458102019,-0.5090745039428579,1.0174923645715548,False
1292,3.687,1.5000000014007249,-0.7251411210862384,0.0447286458508219,-0.0098915124150684,-0.5078643993586369,1.018628433450681,False
1297,3.666,1.5000000051894875,-0.7247353449582121,-0.1153749453702952,-0.0351970704914708,-0.5076729286455735,1.0327183136866054,False
1303,3.635,1.499999998023173,-0.7244144987173513,0.2404108034836481,-0.035731270598666,-0.504466708402044,0.9614009058548729,False
1317,3.672,1.5000000033960068,-0.723782242890217,0.3791671771395277,-0.0931237080522277,-0.5048071099377611,0.8941747095914246,False
1358,3.628,1.499999998776019,-0.7154213673229189,0.4360929267519346,-0.0776842415849785,-0.4953456236120407,0.8259753190834003,False
1367,3.582,1.5000000047066542,-0.7119675519080882,1.3255570982107685,-0.0692606346982791,-0.4928547016250946,0.7853537257785672,False
1379,3.539,1.500000004430174,-0.7084288066059549,0.8025521381077682,-0.077644110667926,-0.4909677422670592,0.7344752159808208,False
1386,3.493,1.5000000014903945,-0.7045220317923588,0.2190636329927764,-0.0742016169530025,-0.4897812539156568,0.6921241565041915,False
1388,3.499,1.4999999967323332,-0.7045220317923588,0.0554022551760601,-0.0887698588855196,-0.4908781245135847,0.729045447370315,False
1394,3.425,1.49999999889221,-0.7020024451373101,0.6922586227174441,-0.1179927403422885,-0.4914348476049235,0.693313279285768,False
1400,3.41,1.5000000017969768,-0.6995017317904747,0.795436447387173,-0.1443346285577746,-0.4876928914412666,0.6502988199899842,False
1418,3.395,1.4999999984845462,-0.6953496039692828,0.5321550656446815,-0.1719586264510881,-0.4801228769074593,0.621512677986468,False
1421,3.388,1.4999999998954483,-0.6938303026529682,1.4109457076665597,-0.165187493251679,-0.4626525272363387,0.6579653017342326,False
1428,3.4105,1.4999999974535827,-0.6917825487047607,0.2902208049494287,-0.1621050869707309,-0.4452292003433319,0.6726675445707007,False
1431,3.342,1.5000000035590182,-0.690310430659048,-0.371540628200121,-0.14258440993358,-0.4394095786337821,0.6498970190383697,False
1432,3.38375,1.499999999946766,-0.6898291612978942,0.7776471791199555,-0.1409703230978528,-0.4180592986581551,0.6577769113061065,False
1446,3.321,1.5000000046037465,-0.6840633656190469,0.7527421401395541,-0.1552779562551862,-0.3965362426601895,0.6909845670998,False
1466,3.326,1.5000000028637352,-0.6852052007697237,0.5357128849030662,-0.1812529347602226,-0.378831555703395,0.6719469682731297,False
1481,3.29,1.5000000004343264,-0.693773682728054,0.1158857918165999,-0.186685998785395,-0.3318771865467425,0.7144111552764317,False
1486,3.245,1.4999999938799051,-0.6962555227666761,0.7313950923589992,-0.2106537013136939,-0.4362201045669093,0.7043241090363899,False
1490,3.228,1.499999997783935,-0.6965008757742721,0.6388907787925351,-0.2105339844302666,-0.4720780474389252,0.7149008537677548,False
1492,3.201,1.5000000067321806,-0.695764816751347,0.6033121324417379,-0.2107305438716628,-0.4949821958019437,0.6891733266429166,False
1496,3.207,1.4999999984818853,-0.6945663616757559,0.5926386329882656,-0.2082621844851989,-0.5009808515686871,0.713812320110239,False
1499,3.185,1.500000004613135,-0.6933301599836011,0.5819650094391873,-0.2316974061639204,-0.5085132901523521,0.724225031724585,False
1503,3.17,1.4999999997357896,-0.6923581846071182,0.2155057908128303,-0.2326221436927631,-0.5102685317723172,0.7322757883268396,False
1514,3.154,1.5000000008349037,-0.6884891564102232,0.5428286161334941,-0.256810802031883,-0.5104634730202463,0.7091477241778725,False
1518,3.133,1.5000000020068522,-0.6874228144925367,1.0800649971069,-0.2536652632684401,-0.5115397302994025,0.6640748798709182,False
1544,3.17816666666667,1.4999999953992242,-0.6696913413653057,0.1158858336760506,-0.2757948221718493,-0.5131452372108376,0.6371240874993911,False
1559,3.065,1.499999991381035,-0.6642841385436085,0.8950565324688298,-0.2711387626707509,-0.5134535821414031,0.6125896169322833,False
1566,3.034,1.5000000066740526,-0.6617173686178207,0.5463864228246063,-0.2800977682756574,-0.5121975550219429,0.5946555367731068,False
1568,3.019,1.500000003544115,-0.6603301804592734,0.3720514620733514,-0.2760557003056123,-0.5114702508045281,0.57422325047439,False
1569,3.04,1.5000000011250068,-0.657923833653916,0.1265593567533676,-0.2911041915372913,-0.510491320577051,0.5121107052654347,False
1572,3.013,1.500000005900423,-0.656725378578325,0.6566799929025158,-0.284394632145783,-0.509767438322026,0.5277665703753495,False
1575,2.966,1.499999995280358,-0.6566215753826716,0.0340551256960765,-0.3130727689143448,-0.5032190985286384,0.5481827534950746,False
1584,2.936,1.499999997060663,-0.6529129703060698,0.5641757900262409,-0.3214979997409716,-0.4979341789870473,0.5592341892501463,False
1622,2.853,1.4999999947723952,-0.644891814287983,0.4218615332675018,-0.3114140055063063,-0.4958180577000415,0.59431808693956,False
1634,2.862,1.5000000048129218,-0.6407774330833549,0.2653157446796981,-0.3102527985527631,-0.4891321132655452,0.5896600322277676,False
1646,2.825,1.5000000037350625,-0.6421363112793763,-0.332404203817934,-0.2864961657894811,-0.4920681894464312,0.5983569841592327,False
1652,2.81783333333333,1.5000000083925686,-0.6454485768821271,0.0625178724685525,-0.2561920096213842,-0.4905812728951402,0.626875338312749,False
1661,2.757,1.49999999933253,-0.6438820922950735,-0.0797963285923492,-0.2470105609690101,-0.4905951739802179,0.6620708024105082,False
1673,2.726,1.5000000059004894,-0.638757989097536,0.3435885870197865,-0.2484636576680317,-0.4893941769683156,0.7221268020901104,False
1704,2.68,1.4999999915914817,-0.635936429509977,0.1123280083990262,-0.2463264731337829,-0.4854557708869241,0.706784538329545,False
1718,2.649,1.500000001836365,-0.6302083804475563,0.4076300455178845,-0.249861515344459,-0.4802273031729751,0.6907978533514468,False
1719,2.628,1.500000005471452,-0.6272830176644812,0.315125735556334,-0.2320517323904821,-0.4729662035114294,0.7017753966310513,False
1722,2.612,1.4999999987409955,-0.6275944272511668,1.0089078883250433,-0.231785880035277,-0.4706632931921166,0.6882682105853504,False
1726,2.622,1.50000000342415,-0.6266224518748211,0.4005143182254159,-0.2129675205988497,-0.4679248264070501,0.7042328136073428,False
1730,2.581,1.4999999946113034,-0.6247634310094325,0.8096679380315404,-0.2189955998219314,-0.4737511029353179,0.70479288235106,False
1739,2.538,1.49999999985918,-0.6223287742415493,0.2617579294689542,-0.2296615558356178,-0.4747510170328023,0.7333403493070905,False
1742,2.5065,1.4999999954887793,-0.6251220238665824,0.5108079499178162,-0.2336380795977369,-0.4802574370971713,0.7525655352190898,False
1745,2.492,1.499999996208203,-0.6233573695426721,-0.1900898671885954,-0.1654879782676599,-0.4107437819905222,0.7627142464884611,False
1747,2.486,1.500000005025002,-0.6240084986782942,0.0482864727931567,-0.1332452120745728,-0.3561973582122884,0.8189653943155153,False
1748,2.455,1.4999999958821677,-0.6221306045045552,-0.1402798678092259,-0.111849879196263,-0.3088889052641272,0.8933466860538094,False
1750,2.477,1.4999999967885334,-0.6222155343918581,0.183485103355925,-0.1051817566267233,-0.277397395327863,0.9770114801490709,False
1755,2.434,1.5000000004802196,-0.6188089022476292,0.6851428951077687,-0.0831721068188228,-0.31594053995959,1.374537322777108,False
1776,2.529,1.4999999985147934,-0.6157514263066496,0.4930186394600933,-0.064823951914578,-0.3441610295073589,1.8426934169434364,False
1798,2.554,1.499999995708517,-0.6079661866419834,0.219063681458264,-0.037852300724503,-0.365111124091816,2.3228537653032606,False
1815,2.44672222222222,1.499999998053651,-0.60281377348192,0.3471465103374219,-0.0325791282169045,-0.3798954848222699,2.7838468891867203,False
1818,2.46816666666667,1.4999999943877542,-0.6048709640843027,0.91640364738984,0.2382910975363896,-0.0188262184373431,3.1538988700715547,False
1820,2.46108333333333,1.5000000028224,-0.6057768828816962,0.6602378764817256,0.3920828329812818,0.0980946214518193,3.4169517197741537,False
1822,2.44775,1.5000000017317487,-0.6040688484824254,0.0945386396556771,0.5132733298491322,0.1571914839694471,3.683774650201628,False
1825,2.418,1.5000000000053473,-0.6052484302499406,0.3542622076108236,0.5512470951450537,0.208148475803548,3.9135231080850406,False
1826,2.409,1.500000000193335,-0.6049747672798188,0.1016543661964288,0.6291704811438501,0.0563558900611142,4.75785266991779,False
1834,2.403,1.5000000015879096,-0.6050974437836854,0.0696336425635457,0.7170689310369077,-0.0768418548796751,5.171322684116287,False
1849,2.385,1.5000000069847177,-0.5993882680296152,-0.0762385343144638,0.8139225498300962,-0.1522558431434116,5.444608068770312,False
1933,2.40266666666667,1.500000002200813,-0.5917257048686784,0.0518443530006996,0.8616808735941005,-0.2009099572931242,5.579262582412567,False
1967,2.2765,1.5000000005864127,-0.6441746285732712,-6.644042315247573,0.9204445741603172,-0.2385284326504054,5.232925898433051,False
1971,2.30983333333333,1.500000002990881,-0.6375689706759828,-5.505528118961371,0.9686476911337104,-0.2685760229006174,4.971982014700395,False
1973,2.317,1.4999999973763698,-0.6327657137191688,-4.74770457246365,1.051186728938536,-0.2883874044343343,4.810867078545916,False
1977,2.273,1.50000000674878,-0.6198091875863633,-3.740831122044268,1.111555739777385,-0.3029052587784342,4.7052799234929354,False
1999,2.178,1.4999999981509966,-0.5791749548637619,-0.0335441791550908,1.1939424295809111,-0.3129728265696091,4.575577603495887,False
2041,2.28616666666667,1.4999999990499109,-0.570210133431718,0.115885803325974,1.2710562011505329,-0.3212032320947274,3.7869814941330042,False
2063,2.17966666666667,1.4999999917004951,-0.5684643524160208,0.1977165735372265,1.3637130524075711,-0.3243518558900098,3.04561064108556,False
2066,2.11,1.5000000011204728,-0.5689644950853878,-0.5743384518237402,1.4513432016595529,-0.3277364937624079,2.3703143765084396,False
2067,2.086,1.5000000023464215,-0.5676056168893664,-0.268362768616264,1.5339311835441032,-0.3386739835566851,1.7851707086053616,False
2068,2.064,1.499999996086961,-0.5689833683936011,-0.6526112642957194,1.1962036913020893,-0.3602784527322384,1.650629323960189,False
2070,2.101,1.50000000092045,-0.5675112503478883,-0.0121970605168024,0.9112366052671448,-0.3767343248444055,1.4897295463003024,False
2073,2.002,1.4999999978376153,-0.5662089920767812,-0.3679827256021785,0.6340929262324071,-0.3961972982948895,1.3120357141165844,False
2076,1.99,1.500000004721071,-0.5679642097465163,-0.2185527913078075,0.4631177308447871,-0.4492747606287775,1.1242733386167376,False
2078,1.996,1.5000000021213518,-0.5659164557984462,-0.4142348994536652,0.502868331145289,-0.4430892047413358,0.9376124544741631,False
2083,1.95,1.4999999990429698,-0.5654634963998182,0.1194436602729092,0.5527552993128253,-0.4386158127394364,0.7896239966485695,False
2092,1.944,1.4999999915038784,-0.5622455973384082,0.3435887088918147,0.5815373274214447,-0.4405741681150565,0.7561269880164305,False
2102,1.92066666666667,1.5000000050603146,-0.5534978189514344,-0.1794163682985239,0.6167565823891545,-0.4457012303576416,0.7074591970826176,False
2112,2.02483333333333,1.500000003082954,-0.5518086578605141,0.0518443457305483,0.4521417129871051,-0.4559579294404609,0.6674206050175111,False
2115,2.049,1.5000000017551272,-0.5507328792887897,0.0731914980872172,0.3021604856978297,-0.4664957300864887,0.6377311746618832,False
2123,2.02416666666667,1.5000000026623366,-0.5486096321074547,-0.3501934797012743,0.187669280384946,-0.4767923625251649,0.6351667694697252,False
2125,2.012,1.5000000004351233,-0.5477697698891509,-0.0620070531076562,0.1274542821292927,-0.4851136407524353,0.6658790604219362,False
2159,1.97816666666667,1.499999999361235,-0.5467977945128052,0.4325350648733263,0.1499754921807312,-0.4808733231809822,0.7021965240704572,False
2160,2.07,1.499999998869243,-0.5469770909414489,0.5570600606448843,0.1587014495436507,-0.4820468125061438,0.7564812947136162,False
2162,1.98533333333333,1.500000009744328,-0.5452407465797896,0.2724314169705267,0.1765652038530863,-0.4798761262195761,0.7834694273379296,False
2200,1.90333333333333,1.5000000031531486,-0.5405507294728041,0.5036921703971511,0.1904671166961919,-0.4869014306744129,0.7749461772093491,False
2201,1.94775,1.4999999960966528,-0.5414660849242355,-0.4533712774842133,0.1993310820372083,-0.4940898262703728,0.7835108517192392,False
2221,1.86716666666667,1.499999998632702,-0.5404374896231128,-0.5352020063646811,0.2051844647382603,-0.4969671665629357,0.801790027470016,False
2238,1.95216666666667,1.5000000046716278,-0.5349359202599374,-0.1260485118243046,0.2143372006304919,-0.4975270676096258,0.8116057320750787,False
2257,2.079,1.5000000060513905,-0.5307554824763571,0.6175435658649259,0.2279986437027458,-0.499332952437811,0.8369268780554444,False
2259,2.037,1.4999999995576638,-0.5312744984540747,0.6566800479199638,0.2134909167063853,-0.5008407379485835,0.8510740452039928,False
2278,2.06216666666667,1.5000000035359766,-0.5276696965729889,0.5001343102110656,0.211790284879799,-0.5009904903800151,0.8106126705298259,False
2291,1.97183333333333,1.4999999949430198,-0.5256219426247815,0.1692536911083436,0.2260522810809416,-0.5011579703876554,0.773030505265947,False
2315,1.89275,1.4999999990953876,-0.5124672467549819,0.1194436598370077,0.2477068438763734,-0.500742868582126,0.7765741513303173,False
2319,1.91375,1.4999999982688366,-0.5089662480694122,0.2083900892977883,0.1675266237044962,-0.5026452480734255,0.7695835752730904,False
2333,1.94025,1.5000000029208265,-0.5097211804005505,0.0874229160012218,0.0827243235133973,-0.5047968730968945,0.7672999769413668,False
2335,1.872,1.5000000069291497,-0.5107592123558484,0.4716714260648861,-0.0149809974957438,-0.5088867255290791,0.7431049461248787,False
2350,1.91525,1.499999999637045,-0.5003033995698785,0.8914986026300086,-0.098723225162357,-0.5097304452902139,0.7198889804200276,False
2354,1.9955,1.4999999976165486,-0.4983500121630118,0.026939392616319,-0.1003969958397956,-0.5042701146248574,0.69917484720523,False
2355,1.95375,1.5000000036035483,-0.4989067747571559,-0.1118170755516479,-0.072527706530705,-0.4996885119268067,0.6980971357768052,False
2356,2.02238194444444,1.499999997788392,-0.4979347993809475,0.4396507921174041,-0.0597486031887853,-0.4886270009378661,0.6938324582239503,False
2357,1.96383333333333,1.500000003456076,-0.4959625386658677,0.4645557420046271,-0.063601355140654,-0.4814337415199629,0.6838773949115518,False
2360,2.02116666666667,1.499999997399588,-0.4967269076510439,0.2688736639681693,-0.0315941614645577,-0.493913167315995,0.6991970737778022,False
2364,1.983375,1.4999999969577291,-0.4952453529512932,0.7064900671715939,-0.0478834082170447,-0.5023104490534126,0.6997781063575443,False
2370,2.00675,1.500000005125764,-0.493952531334224,0.2831050264993772,-0.0634014390606211,-0.5061700213234758,0.7140309723860833,False
2374,2.02075,1.5000000016801358,-0.4954057760717236,0.1194436383425069,-0.0749697671356857,-0.5071314048987774,0.7367222460333553,False
2376,1.98360416666667,1.4999999981072527,-0.4959719753200429,-0.3857720122658544,-0.0443143153772834,-0.5071312641149216,0.7894447362960604,False
2385,1.95233333333333,1.5000000066127006,-0.4958021155455746,0.5961964197054271,-0.0289273716132778,-0.5077670524231958,0.8188622848799751,False
2386,1.9925,1.5000000024957645,-0.4951698597181656,-0.1616270630000898,-0.0489601284503009,-0.5093033522971542,0.8232889430881619,False
2421,1.89783333333333,1.5000000053407423,-0.4790048711779881,0.5463864342658901,-0.0538103699969408,-0.5093816604654785,0.8330128042250305,False
2453,1.93633333333333,1.499999998996849,-0.4619905837653316,1.0622757395669586,-0.0583320196341616,-0.5093347551750403,0.8729797290077871,False
2456,2.02366666666667,1.5000000055337457,-0.458640571546017,0.5606178601530687,-0.0771689546590435,-0.5092254895340729,0.862613675536341,False
2458,1.97066666666667,1.4999999939956437,-0.457791272673538,0.553502245667994,-0.0987406006693308,-0.5080108123881711,0.8751264968614482,False
2459,1.95238888888889,1.499999999564932,-0.4585367683505009,0.6353329064513097,-0.1366850544559218,-0.5066730764643094,0.8709267187653319,False
2460,1.98684722222222,1.5000000011772563,-0.46041466252424,1.0658335769744651,-0.1607053079618401,-0.5059273342596409,0.874346525779496,False
2461,1.97175,1.4999999953925616,-0.4600466330127775,0.8203415019206173,-0.1821036211505892,-0.5098783134416117,0.855080645901531,False
2463,1.989375,1.500000003268796,-0.4591690241777726,0.7456264380201812,-0.1960679055281395,-0.5096905903350114,0.8448211351984027,False
2464,1.94355555555556,1.499999996163148,-0.4595087437268466,0.6958165033761561,-0.2331567414695228,-0.5131382581634376,0.8343529339103194,False
2466,1.99388888888889,1.5000000016494943,-0.4585933882754153,0.514365753987483,-0.2417521083799562,-0.5110541827985203,0.8518542823222609,False
2467,1.97425,1.4999999983328245,-0.4590935309447824,0.4538822150632786,-0.2492639950267788,-0.514031504183224,0.8265349587264691,False
2471,1.972,1.4999999998079945,-0.4566211275603354,0.0980965125088955,-0.2590577540505904,-0.5136213996996194,0.7994525468812519,False
2477,1.978,1.4999999949186908,-0.4558473219208466,0.4538822442160765,-0.3455675393252359,-0.5105217433611677,0.784930610835778,False
2506,1.91766666666667,1.5000000011985828,-0.4450329162775893,0.9021721595189256,-0.3614756134682041,-0.5113671393397167,0.7863450694418949,False
2507,1.93566666666667,1.4999999942769937,-0.443777841277084,0.613985810788953,-0.3063629088538944,-0.5148870531696634,0.8126443359053301,False
2540,1.901,1.499999999604561,-0.423385231682587,0.2119479349987356,-0.2910157305982327,-0.5163988958388352,0.853050787945047,False
2554,1.8975,1.5000000079863145,-0.4170438001012452,0.3756092812782924,-0.2936783018421766,-0.5174764156578969,0.9304813336022476,False
2555,1.90983333333333,1.4999999997528313,-0.4160057681459472,-0.1865320390204778,-0.1197789620706606,-0.5177099384084161,0.9809508909687445,False
2556,1.94683333333333,1.4999999988820594,-0.41609069803325,0.4360929258477288,0.8263119550022812,-0.5155794099591282,1.0040502387085042,False
2562,1.94533333333333,1.5000000003180385,-0.4173174630712296,-0.0904699073413338,0.8513208421401502,-0.515963639716581,1.026406490716397,False
2594,2.07416666666667,1.5000000014544563,-0.4013978275387853,-0.7984834388843194,0.821338917818639,-0.5160673334892383,1.0813224280811247,False
2598,2.073,1.499999997371412,-0.3982176750939391,-0.261247014718546,0.837994958841386,-0.516145875123109,1.1340824974180217,False
2657,2.0935,1.499999999490775,-0.3734936412496067,0.6068700519105075,0.979392569518586,-0.5161257989772251,1.1588842003346924,False
2658,2.1045,1.5000000032312293,-0.3725971591063886,0.2759893286504805,0.9935939020761214,-0.5165925233127758,1.1862753689363825,False
2706,2.33027777777778,1.4999999998433609,-0.3576966822208917,-0.0548913344576545,1.0386837359479633,-0.5167992055733583,1.1984815385628378,False
2708,2.35966666666667,1.500000001983171,-0.3570266797770563,0.5535021769331674,1.1709982346587788,-0.5165870777511911,1.1599846829557048,False
2736,2.27683333333333,1.499999999005013,-0.3430698683053793,0.1301172312823979,1.1307162860380724,-0.5167221588703136,1.1842359279013932,False
2791,2.33533333333333,1.5000000007858303,-0.3258385378475154,0.5214814751672012,1.154138490556424,-0.5166700713351108,1.5320544367622748,False
2812,2.32166666666667,1.5000000019830264,-0.3231490914178609,-0.1651849157404348,1.1066139386280756,-0.5165224298321425,1.8880768738012081,False
2813,2.33711111111111,1.4999999971052398,-0.3226112021319301,0.2012743852296046,0.9903696582689546,-0.516726698744228,2.344291852457843,False
2837,2.34466666666667,1.5000000030587322,-0.3162225872798492,0.9804449947176964,0.9665004554474044,-0.5165689285948772,2.8979496012472357,False
3093,2.7815,1.500000000005571,-0.2678502981633207,-0.1367220444722314,1.0441809786131309,-0.5161993463441793,3.4431333872014545,False
3098,2.8,1.499999993307225,-0.2653118381999214,0.1585801340313782,1.0951954256074543,-0.5150826158416083,3.977297783965279,False
3117,2.8355,1.5000000087634116,-0.2536670069923983,1.0409285109615969,1.1995523312984626,-0.5122981411211152,4.502968312278167,False
3168,2.967,1.4999999954665453,-0.2432866874394186,0.0589601225458911,3.4014041979102223,-0.4996547279369731,5.063107198658843,False
3169,2.97433333333333,1.4999999972351077,-0.2436264069883553,0.1799272426779039,3.334074261511345,-0.4977162748535512,5.580146223153773,False
3170,2.976,1.5000000045239397,-0.2445040158233602,0.4040721657498266,3.2578020838138877,-0.4955427862756641,5.784634151024628,False
3186,3.06733333333333,1.499999999434965,-0.2448720453348227,-0.0691227587139117,3.12171089954764,-0.492686866156863,6.090074954487132,False
3188,3.093,1.50000000366184,-0.2445228891315734,0.6460064416594029,3.029183497743144,-0.4871184922214682,6.3234880531364865,False
3191,3.087,1.4999999925670826,-0.2422392188299454,0.6958165346365649,3.0433092845732124,-0.4610586465113039,6.467872066555527,False
3241,3.259,1.5000000041615782,-0.2440604930787701,1.218821396506787,3.000152073156205,-0.4382121300934123,6.691688150527357,False
3242,3.25483333333333,1.500000000505136,-0.2439849998456426,1.012465729520189,3.032916154459396,-0.1915478697435215,6.961947962320626,False
3284,3.515,1.4999999966028164,-0.2481276910127965,0.887940772529054,8.822993738544689,-0.4312887096766384,7.2780714205305355,False
3290,3.576,1.50000000626414,-0.2467688128167751,0.8594778321563192,8.713170729921115,-0.4289536711218314,7.6345409537204665,False
3365,3.727,1.499999996471506,-0.2336046802928001,0.357820094472306,8.619261805917551,-0.4269047142673702,8.039040954576286,False
3371,3.7165,1.5000000049023507,-0.233293270706252,1.215263532928342,8.516860331833458,-0.4247101550205476,8.652314749972486,False
3405,3.80983333333333,1.499999997282789,-0.223592390251283,0.8665936250880133,8.412405690112227,-0.4226704782117523,11.971934145522576,False
3413,3.80483333333333,1.4999999994236597,-0.2216956227693306,1.403829998193578,8.377098715304973,-0.4197033200607009,12.233937642053961,False
3423,3.885,1.499999992019142,-0.2227902746494056,2.2079057296097218,8.344768936523122,-0.4188402883937194,12.49423802543543,False
3439,3.97,1.4999999974929012,-0.2177227913767824,5.541617596563845,8.399794663124254,-0.4170906610950367,12.692942660032159,False
3470,4.11766666666667,1.5000000016376098,0.0941303179554144,17.734393127296606,8.42793967811452,-0.4161473433166191,12.873683219471973,False
3531,3.97625,1.4999999997791749,-0.2126364347958086,0.8061100357905756,8.481450323019796,-0.4147522988634449,12.961229348023863,False
3534,4.0425,1.5000000027334683,-0.2151182748342935,1.236610693883642,8.53911521102907,-0.4133059429331272,12.95128583920646,False
3537,4.05325,1.5000000072660096,-0.2162223633686811,1.2117056546241365,8.579004898257184,-0.4135880942401623,12.838992306971724,False
3543,4.08333333333333,1.4999999973042726,-0.2168546191959527,1.3931564469269782,8.638998237627817,-0.413690231841922,12.508026404608753,False
3562,4.239,1.5000000014872883,-0.2223844985215166,0.809667877713461,8.765672578176181,-0.4144284889401335,9.141083544628733,False
3637,4.312,1.5000000050469675,-0.2291977628098371,0.6744692847321521,8.888683647449815,-0.4147341947789476,8.726399907960426,False
3673,4.41666666666667,1.4999999982846943,-0.2425317551082803,-0.118932745948574,9.033436269234306,-0.4146362969292831,8.227659348281703,False
3681,4.47,1.5000000033681846,-0.244145422966073,0.1550221932239999,9.079490774883826,-0.4182757865353178,7.709633269806001,False
3705,4.6195,1.500000003413078,-0.247523745147776,-0.5423177578151115,2.852036173680045,-0.4552816322302116,7.168611803874815,False
3708,4.66433333333333,1.500000000633282,-0.2483447340578666,-0.3893298893067196,2.8559842124984587,-0.4540155272157825,6.678608688740386,False
3739,4.69283333333333,1.4999999980036398,-0.2552523648876652,0.1087700981890135,2.823326218974056,-0.4547862191600768,6.26439775519654,False
3749,4.78366666666667,1.5000000014037431,-0.2583004041746068,0.2759893440642781,2.78134655671968,-0.4549575271295957,5.8784948516075,False
3766,4.959,1.500000005209486,-0.2700018553070442,-0.1936477970594805,2.7172629056002706,-0.4559051560304103,5.57208279157972,False
3767,4.965,1.4999999984501784,-0.2703321382018056,-0.118932747298422,2.687256967661748,-0.4532014029101968,5.475014498464871,False
3768,4.996,1.4999999975013123,-0.2708889007960871,-0.6134748493522867,2.666600814320412,-0.4481963947408302,5.441922593156018,False
3769,4.95,1.500000005689058,-0.2715022833151455,0.3578200163293716,2.616782524656724,-0.4381941045685941,5.486794708272908,False
3770,4.975,1.4999999920221343,-0.272625245157609,0.9377508098319152,0.5534477416921846,-0.4357816223723039,5.808115123405689,False
3771,4.981,1.5000000030797185,-0.2736444038046937,-0.1580692108671212,0.5635364510326747,-0.4207015912134677,6.097460296381659,False
3772,5.049,1.499999995405345,-0.2725497519244814,0.0411708384854138,0.5608809992620515,-0.3616768436607768,6.400729836377223,False
3773,5.012,1.4999999969841715,-0.2729555280525077,0.4360929420568967,0.5536203225226731,-0.2328845416676489,6.645387921251294,False
3774,5.018,1.5000000037344756,-0.2742294763612263,0.6317750134656961,0.5344074125986122,1.0852065415409766,6.890679792395293,False
3775,5.005,1.5000000036076857,-0.2740124333160189,0.1728114756704372,0.5295925287992505,1.0423888989739,7.031149851468975,False
3778,5.042,1.499999997777533,-0.2740029966619809,0.0340551050719804,0.5280546039963457,1.1037454766631531,7.173025680412986,False
3779,5.073,1.4999999980170962,-0.2760035673394493,0.8879407600434661,0.5351234072647415,0.7917307700656154,7.282660863872725,False
3780,5.033,1.499999995360228,-0.2744842660229975,0.9768872062586494,0.5384588420484692,0.7165835541468883,7.467332018949339,False
3783,5.11,1.499999996002767,-0.2745975058726889,0.3578200984447844,0.5475272677214023,0.633570673282412,7.381837207790645,False
3784,5.086,1.49999999845753,-0.2752675083165243,0.7385107662315409,0.5604790225769547,0.2937927478913495,7.302023774942558,False
3785,5.116,1.5000000048017246,-0.2756261011738116,0.2546421741213075,0.5661581484485213,0.2151413614408028,7.218980030528927,False
3786,5.169,1.4999999954477483,-0.2757204677152897,1.3291150395494955,0.5691652328878708,0.3275194084133743,6.723747896366628,False
3787,5.132,1.5000000008611905,-0.2771642757984766,0.7634157435230049,0.5668985325287019,0.3772663508215177,6.256262365896905,False
3790,5.153,1.500000003008903,-0.277032162640572,0.1656957668856232,0.565347498367591,0.3732425215987199,5.8496149810297196,False
3791,5.12033333333333,1.4999999942465163,-0.2775700519265029,0.994676500711594,0.5473715176814402,0.2434482011276695,5.4839536055651275,False
3792,5.163,1.5000000031088134,-0.2790893532428175,0.9840028511779504,-0.1786154270424433,0.4411555660877551,5.178680639883047,False
3793,5.193,1.4999999951735312,-0.2782023077537746,0.4787872404324281,-0.1824809833504457,0.5773291484308251,4.814607490054193,False
3795,5.178,1.4999999988365358,-0.2801368218522907,0.916403608004676,-0.1859014372033143,0.7296410162951483,4.390192851242606,False
3796,5.206,1.500000005740448,-0.2800235820025993,0.6175435685539427,-0.1896123993884503,0.9802235935390762,3.952440265229091,False
3797,5.199,1.499999999379807,-0.2799952720402108,0.5997543390666126,-0.195499445554768,1.2230289921438458,3.515903225053273,False
3799,5.215,1.499999999013219,-0.2779852647085672,0.7527421889901231,-0.2002601826494564,1.1726500746282402,3.515065765975821,False
3802,5.221,1.4999999947478586,-0.2781079412124338,0.4289772473012123,-0.2017559025200969,0.666135459348451,3.483212743514436,False
3804,5.261,1.500000004711012,-0.2798914688446948,0.3969564504070845,-0.197786515077392,0.4792670023046786,3.418981078179596,False
3805,5.252,1.4999999953319072,-0.2782683643327269,-0.0726805820330197,-0.1964569187165921,0.5512030036516066,3.3181383616865783,False
3806,5.267,1.5000000028297318,-0.2777965316257483,0.3613778974677663,-0.1954745223437584,0.4434616067301521,3.1864167835441806,False
3808,5.236,1.499999998137439,-0.2795706226039713,0.3613779372452093,-0.1894599529328332,0.3097535453888276,3.0077619238004227,False
3809,5.289,1.500000003103436,-0.2794668194084552,0.8701514306644439,-0.1851906649771202,0.1593176683056838,2.904563586351249,False
3810,5.273,1.4999999972311089,-0.2798254122657425,0.8914986238758718,-0.1838831881632487,-0.002013798555855,2.819915177209466,False
3817,5.283,1.4999999987471777,-0.280995557378945,1.0622757417742497,-0.1831044544237433,-0.2132823181088912,2.761006211561593,False
3819,5.313,1.499999993325959,-0.282731901740467,0.6922586711055533,-0.1846218472940348,-0.262271873996711,2.6829250877907445,False
3820,5.304,1.4999999990509516,-0.2818920395221632,0.674469336813036,-0.1818982100850942,-0.2786525819640316,2.591812623949436,False
3821,5.329,1.5000000013676398,-0.2808445709126899,0.2439686322854065,-0.1796964670658281,-0.3003899977493233,2.517603912821899,False
3823,5.35,1.500000001136779,-0.2828923248608974,1.2081478531989658,-0.1728208105714155,-0.3262512044541607,2.4087872934440053,False
3825,5.335,1.4999999996292075,-0.2839397934702333,1.0124657373258037,-0.1622553055766139,-0.2826298180000907,2.32680121198899,False
3828,5.3325,1.5000000030935543,-0.2844776827563015,0.2261793333397216,-0.1559840295395304,-0.2590934727903646,2.274707963698267,False
3830,5.366,1.5000000024230993,-0.2858176876439724,0.6815850213370441,-0.1576276684040864,-0.2527786062314004,2.1863890194582534,False
3834,5.372,1.4999999995704425,-0.2906586912173503,0.436092920003773,-0.16150179645509,-0.233714785607114,2.1498366915984155,False
3835,5.381,1.4999999969674378,-0.2903850282472285,0.8879407693100915,-0.1622225150889949,-0.2174789696593615,2.0529476143891423,False
3836,5.387,1.500000001863413,-0.2908662976083824,0.9911185760433544,-0.158905277865819,-0.1322339014655116,1.983603863363682,False
3837,5.409,1.499999996620028,-0.291687286518473,0.5392707954527818,-0.1581904214655683,-0.0248272381602161,2.027272128119891,False
3838,5.418,1.500000004395626,-0.2896489692244408,0.4965764459676056,-0.1533855678682759,0.2325957191656479,2.31645279270561,False
3839,5.424,1.499999993455294,-0.2912154538114944,-0.2007634155971019,-0.1578378336965863,0.3674916424149465,2.54663133645498,False
3840,5.434,1.499999995032596,-0.2895262927205742,0.0376129846669637,-0.1617246045310687,0.584796895214986,2.735376474835213,False
3841,5.471,1.500000001939701,-0.2908568609542071,0.4538821842646778,-0.1623230938877071,1.403064038622636,2.8184816781299427,False
3843,5.464,1.4999999933760402,-0.2913003836987972,0.9199615132433558,-0.1667669019147815,5.300581407954035,2.9045625043641987,False
3844,5.477,1.5000000048769382,-0.2912532004280582,0.2048321770523719,-0.1682672787713856,4.312736321133299,2.9548107950815523,False
3845,5.517,1.5000000044484745,-0.2902246051269355,-0.2683627855532592,-0.1685425075906474,3.786843843882935,2.9770258648415884,False
3846,5.501,1.4999999982569032,-0.2904227748637923,-0.2434577373243417,-0.1712317368521685,2.1548613383762127,3.011289577604255,False
3847,5.544,1.4999999910240422,-0.2901774218561964,-0.2790362481384103,-0.1714663852941186,1.5822357854603977,2.9549776137928254,False
3849,5.56,1.5000000011581534,-0.2909889741121117,0.2475264909290783,-0.1742813843640135,1.779967145656475,2.5867943887413096,False
3850,5.584,1.5000000020427091,-0.2919892594508459,0.2119479145729855,-0.1757536417974431,1.1117246300131105,2.3392539491945255,False
3851,5.612,1.500000005976636,-0.2926875718570698,0.4965764324225883,-0.1770789826661812,1.0915862452967593,2.090407954176349,False
3853,5.621,1.4999999971529565,-0.2909229175331594,0.1158858190704638,-0.177613132687978,0.9260266469916636,1.9589191206503023,False
3854,5.652,1.4999999962287494,-0.2925554586993026,-0.0442177341054189,-0.1785612024588333,0.2841035341372544,1.8467076561535234,False
3855,5.637,1.499999995061268,-0.2904133382097543,-0.0691227228925157,-0.1782109487935383,0.1114178045363815,1.7194995871767556,False
3856,5.643,1.4999999933745145,-0.2927913750527232,0.0945387089889357,-0.180177098172501,0.1749337010315005,1.6584813062372143,False
3857,5.674,1.5000000028745542,-0.2933575743010426,0.4432086056157929,-0.1752993061455274,0.157748217918567,1.561156041688868,False
3858,5.705,1.4999999977296852,-0.2915646100146064,-0.175858451880086,-0.173703726736713,0.0226938803142747,1.4929082310513355,False
3860,5.695,1.4999999910407908,-0.2940841966697924,0.2261794344269054,-0.1707971195778151,0.0284664156083846,1.4485995774201095,False
3864,5.711,1.5000000044354953,-0.2941408165945694,0.3969564527492267,-0.1736003535943437,0.0933507512799996,1.4675632434322465,False
3865,5.732,1.50000000201003,-0.2940181400907027,-0.1260484901263267,-0.1776741229378079,0.0427522108549036,1.4522012762194778,False
3866,5.763,1.4999999990345452,-0.2954996947905908,0.2261793673828502,-0.1786819532216258,0.0785716686511768,1.3971879604256097,False
3867,5.815,1.4999999996046494,-0.2966320932873669,-0.0228706204056766,-0.1773483947021353,0.1320752210662253,1.3758777900816508,False
3868,5.757,1.5000000046322095,-0.2961791338886015,0.8950564154215612,-0.1752224480162441,0.1865273354709894,1.4144322457963707,False
3870,5.779,1.499999998716316,-0.2960847673472608,-0.2861520238689882,-0.1712923103275214,0.2604007672286769,1.4183589649147246,False
3871,5.785,1.5000000011030863,-0.2980947746787671,0.0874229310526736,-0.1738191288452609,0.1676958656308324,1.4126919591533877,False
3872,5.831,1.5000000008805237,-0.2980759013705539,-0.360867036122271,-0.1744869983374334,0.2909147621699295,1.4133000294690161,False
3873,5.84,1.5000000038297825,-0.2966320932873669,0.6673535815228809,-0.1738590989220974,0.3828577818472969,1.4140422015176455,False
3874,5.862,1.4999999963712674,-0.2980853380247291,0.5036922285318669,-0.1763206933188689,0.4111835396947489,1.3567246060336406,False
3875,5.846,1.4999999986772286,-0.2960092741141332,-0.0228706127813299,-0.1741574849193053,0.3430293152696051,1.3232147901930005,False
3877,5.892,1.500000002869805,-0.2973304056935908,-0.3430777675495262,-0.1753376877973338,0.3630496127122773,1.3072203861824954,False
3878,5.852,1.4999999975866536,-0.2995102727997029,0.1158858154908025,-0.1744006649095782,0.3449231599191574,1.2677240239651342,False
3881,5.899,1.4999999999493785,-0.3001519652811498,-0.5672227288525371,-0.1777260008432656,0.2004881706976137,1.2067828800308351,False
3882,5.945,1.5000000039383872,-0.3005577414091761,0.1763693297862073,-0.1772327578050035,0.1602236043326411,1.129139884651354,False
3883,5.92,1.4999999931064665,-0.30001041546907,0.1052122819752487,-0.1737432931391046,0.1109691347672571,1.0938261272497347,False
3884,5.914,1.4999999940856183,-0.2988780169724312,-0.1509534239092262,-0.1750560740346826,-0.0017893312326779,1.0327506570556455,False
3888,5.936,1.50000000302374,-0.300699291221256,0.4147457492011338,-0.174653634492964,-0.092536376931841,1.028830781719319,False
3889,5.982,1.499999998713273,-0.3025771853948578,0.0340550973696153,-0.1731881462481701,-0.175764210866482,0.9875825200415007,False
3890,6.04,1.4999999989981407,-0.3009257709205013,0.1087700899518062,-0.1726980006490602,-0.1352669988046794,0.9649511424540543,False
3891,5.988,1.500000007246758,-0.3013221103943523,-0.0477756814235574,-0.167542525540029,-0.1094055515950447,0.9481665961984734,False
3892,5.997,1.5000000031771097,-0.3010012641536289,0.4218614616802701,-0.1675516623679869,-0.1329134812030554,0.9237076207641093,False
3893,6.013,1.4999999931332952,-0.3024733821993416,0.1016544248491527,-0.1635346339660874,-0.2504399127827276,0.8602205801197009,False
3894,6.056,1.5000000026448432,-0.3025488754324693,0.0233814942309437,-0.1639044423340227,-0.2902703730624297,0.8387102797574719,False
3896,6.102,1.4999999928098366,-0.3033698643425598,0.1336751397489444,-0.1649246333732256,-0.2581996620488828,0.8046900012736495,False
3897,6.096,1.5000000061370822,-0.3055874780652356,-0.4462556434003817,-0.1666038049428945,-0.2588053794559509,0.768555834087909,False
3899,6.164,1.4999999952339882,-0.3060498741180389,-0.3074991373191591,-0.1671053230081491,-0.2446322279454998,0.6780387748472921,False
3900,6.176,1.500000000521733,-0.3051345186666075,0.1301172186587143,-0.1655879481580896,-0.266135320787582,0.6032603391034148,False
3901,6.139,1.4999999983880985,-0.3058233944186562,-0.385772014532628,-0.1646712294088748,-0.2497479647014426,0.5635724681732431,False
3902,6.154,1.5000000045170452,-0.3053421250576397,-0.0691228003370962,-0.163639746007736,-0.2305004693444272,0.4848976175055478,False
3903,6.17,1.4999999998261722,-0.307880585021039,-0.1794163258147821,-0.1672545185926535,-0.2598041220037612,0.44065611300995133,False
3905,6.2,1.4999999956212269,-0.3094565062622678,-0.2114370038643333,-0.168624307188497,-0.1618286376397757,0.4165388711396679,False
3906,6.26275,1.4999999960258006,-0.3085883340814382,0.5428286574829023,-0.1678796704565517,-0.1048265017957615,0.39787104993306893,False
3907,6.29,1.5000000026354432,-0.3086921372769542,-0.0299863591092019,-0.1696398319269033,-0.0750616071706863,0.3725559454822245,False
3908,6.311,1.4999999983340349,-0.3081825579534119,-0.5138548625882214,-0.1690488928965435,-0.1085426343842927,0.3875396632016634,False
3909,6.305,1.499999999347916,-0.3106643979920341,-0.2256684616388355,-0.1680527211773114,-0.0846855906998393,0.4797535873210958,False
3910,6.327,1.5000000051568825,-0.3102114385934061,-0.3964456391914178,-0.1704568939731844,-0.031639832777788,0.580651638754816,False
3911,6.336,1.500000000328416,-0.310617214721295,-0.3288463196286223,-0.1681555163024258,0.0468041609479087,0.6619279658621667,False
3912,6.431,1.4999999964807766,-0.3122025726165618,0.0909808263138463,-0.1693043134663193,0.2426281385178538,0.7830505959340379,False
3913,6.425,1.499999997390954,-0.3114948235563,0.5214815043085591,-0.1671384230378433,0.7716759530737719,0.9153246321348494,False
3915,6.441,1.4999999958983845,-0.3126744053236778,-0.556549126277501,-0.1670485098682422,0.8358155831504045,1.078593831198933,False
3916,6.483,1.499999991628472,-0.3133915910382523,0.1052122942520791,-0.1702255129241546,0.969586545401845,1.213480885758183,False
3917,6.462,1.500000001707434,-0.3135520141585454,-0.1189327738677895,-0.1697463863754682,1.073134080056939,1.3959426192559348,False
3918,6.493,1.5000000068249706,-0.311598626751816,-0.0228706797640943,-0.1673742364545297,1.859374593462186,1.6251484031916503,False
3919,6.545,1.5000000047108235,-0.3132217312636466,0.197716464665763,-0.1678509468160581,1.9777944250250368,1.7130975116420084,False
3920,6.50777777777778,1.500000003003332,-0.3114098936689971,-0.2505734894323879,-0.165135188373512,1.930451036348275,1.8349828655733198,False
3921,6.561,1.4999999935165564,-0.3126555320153272,-0.0442177118470216,-0.1646338794055701,2.659776237417337,1.9455699768419308,False
3922,6.576,1.4999999938144593,-0.3130707447973915,-1.1186905022601823,-0.1652583624409788,2.7420109001531063,2.0873988136886115,False
3923,6.56316666666667,1.5000000047194693,-0.3132028579554334,0.1834850370644684,-0.1679760941240973,2.19646424681218,2.176523420280338,False
3924,6.644,1.5000000066653576,-0.3134765209254178,-0.7949256221317852,-0.1695201146017762,2.240855277252198,2.262380658811828,False
3925,6.659,1.50000000722924,-0.3149486389711306,-0.4249085107483499,-0.1712609585510776,2.5191474518573025,2.3703717646153235,False
3926,6.629,1.4999999957630024,-0.3143069464896836,-0.7379998275814212,-0.1708659917083023,2.8667432571042277,2.4521122075567963,False
3929,6.65,1.500000004611897,-0.3142691998731198,-0.232784217980381,-0.1720338411776988,3.1577776695996613,2.451624997125057,False
3930,6.675,1.500000000812077,-0.3162697705505882,-0.7593470080706656,-0.1724728938556958,2.8325945841164835,2.4422062123292094,False
3931,6.696,1.5000000028732516,-0.3142220166023808,-0.6775163154755562,-0.1753994957452465,3.265038546618055,2.4504009330560486,False
3932,6.666,1.4999999998832076,-0.3150713154748599,-0.7130948611751967,-0.1781164665474086,3.32607004364227,2.4618781424164506,False
3933,6.703,1.5000000003167784,-0.3160055442347791,-0.4249084557994568,-0.1789511043919367,3.300454835643999,2.370869925683723,False
3935,6.733,1.4999999961124468,-0.3129386316394869,-0.3217305719849048,-0.1814678792553329,1.7538099698656957,2.3114173758526526,False
3938,6.687,1.5000000005214134,-0.313438774308854,-1.0510912714367489,-0.1818427149828692,1.6797035923732175,2.244570417560109,False
3939,6.749,1.500000000596058,-0.3149769489335191,-0.9265662805909674,-0.1832718585609732,1.6424195149641871,2.1849571442492337,False
3941,6.764,1.5000000025882156,-0.3132311679178219,-0.2043213464767433,-0.1841391627363491,1.4229462436315228,2.092535436184862,False
3943,6.712,1.500000000305138,-0.3127310252484548,-0.7344420058448202,-0.1818095281675585,1.1014549285319395,1.9620981404120836,False
3944,6.718,1.500000006955591,-0.3126838419777157,-1.1435955988643824,-0.1856107821652234,0.8682997259119143,1.90730710017887,False
3946,6.727,1.4999999933422092,-0.3124007423535561,-1.5064969024687391,-0.1878248504361595,0.630098939319942,1.8186067787118223,False
3948,6.755,1.4999999980273604,-0.3134576476170672,-1.2716783807008665,-0.1866984676118523,0.4701095933829966,1.7824107993905238,False
3952,6.78,1.4999999988511494,-0.3115325701727264,-0.9230084104075972,-0.1894347775448062,0.0701258500898513,1.8555218997248393,False
3954,6.786,1.499999997207382,-0.3128914483687479,-0.3822141481921227,-0.1915769134103855,-0.0487842031097,1.8598848347334196,False
3956,6.81,1.499999996264492,-0.3132689145343856,-0.5174127031476953,-0.195698877062206,-0.049140882722269,1.8400327544035793,False
3959,6.832,1.4999999947463434,-0.3157601912270459,-1.0226283726195655,-0.195935658092111,-0.0988955394979613,1.846403302640827,False
3960,6.816,1.4999999981782175,-0.316600053445487,-1.4033190872587962,-0.198595157727952,-0.1500107570365541,1.860739461669321,False
3961,6.795,1.4999999979714054,-0.3177890718669028,-0.4853920044880215,-0.2007874018205045,-0.1465317393867079,1.9309968567007685,False
3965,6.801,1.5000000011174766,-0.317685268671524,-0.5387598828276883,-0.1979352724398209,-0.1312534063683242,1.9832734088758157,False
3966,6.77,1.4999999968613436,-0.3182231579574549,-1.1044590974534048,-0.1959397947389811,-0.1350897202182385,2.0647001079421874,False
3978,6.863,1.4999999978672287,-0.3227810619065357,-0.5387598572510655,-0.1940589148561513,-0.1570423947637322,2.096731438483653,False
3979,6.853,1.4999999951759386,-0.3210635908532271,-0.8020412474133568,-0.1951992698180789,-0.1009701221558096,2.057235362514554,False
3982,6.906,1.4999999931981944,-0.3218279598385407,-0.0869119922267183,-0.1974910379023555,-0.0258716272944735,2.061040986851297,False
3983,6.869,1.5000000076490263,-0.322450779011637,-0.777136345316394,-0.2000417027782663,0.161889626948575,2.048526533247985,False
3984,6.875,1.4999999996470024,-0.3211485207403926,-0.9194505595590524,-0.2001171929633858,0.2688404759281868,2.018072819750425,False
3986,6.89,1.5000000016540045,-0.3213938737481258,-0.4711606060691949,-0.199648446577168,0.18861448688117,2.031928832077412,False
3987,6.9,1.5000000080615763,-0.3185911874687801,-0.5601070788117136,-0.1984625107661017,0.3087249033772071,2.026461334944619,False
3988,6.915,1.5000000055935865,-0.3198556991234608,-0.1402799468609804,-0.1970612521412832,0.4098311926085246,2.0532596386085524,False
3989,6.93,1.5000000026350797,-0.3200161222437538,-0.5921277481738341,-0.193409283583273,0.325122447176046,2.0218360111238116,False
3990,6.943,1.500000002772608,-0.3222431726206049,-0.777136307679332,-0.1975251767539793,0.3987372618246711,2.0097778719517376,False
3991,6.952,1.50000000189172,-0.3203841517552164,-0.7664627302071778,-0.198610257994721,0.3284232492553093,2.067350449529492,False
3993,6.983,1.4999999982765584,-0.3189214703636788,-0.87675626628975,-0.2006153598469526,0.2454183156802727,2.0799440590734433,False
3994,6.967,1.5000000077293465,-0.3211579573945679,-0.5245285073837411,-0.1985972656086759,0.11874107172354,2.108269565943055,False
3995,7.026,1.4999999979442211,-0.3216581000639349,-0.8198305532444409,-0.2000867693491033,0.0977560536589197,2.1343521392994447,False
3999,7.041,1.4999999957327488,-0.3233472611548552,-1.1862897979324811,-0.1989788961154785,0.0689687637826172,2.1027799126010343,False
4000,7.109,1.5000000051732896,-0.3232812045759028,-0.4000034961969041,-0.197903325397467,0.0997119971955183,2.080069442873295,False
4001,7.072,1.4999999999670954,-0.3245834628471473,-0.3217306029060516,-0.1938966520314698,0.2145050748994457,2.12826266093907,False
4003,7.094,1.500000001215959,-0.325668678073047,0.2155057784091026,-0.1954004621308681,0.22071731778958,2.1808049619509955,False
4004,7.088,1.499999994220351,-0.324630646117749,-0.2897098445973685,-0.1922403538113072,0.2707592583151564,2.2505916883118706,False
4005,7.14,1.500000006223609,-0.3248948724336955,-0.1616270933278267,-0.191653432297478,0.3181467664043629,2.3185613563191536,False
4008,7.155,1.4999999931984165,-0.3270369929232437,-0.8482933721047229,-0.1897291174212306,0.5447746869046112,2.530734725800802,False
4009,7.146,1.500000007315949,-0.3273389658556166,0.2119478703960667,-0.1894075654624017,0.8023159893459663,2.6825289896078877,False
4010,7.131,1.5000000004431937,-0.32824488465301,-0.4853920240723616,-0.1881222437383117,1.7317786756466025,2.822828538214359,False
4011,7.103,1.4999999999919018,-0.328141081457494,-0.7522312879308433,-0.1849835714884129,2.1924729037972237,2.9384036692060116,False
4012,7.118,1.499999996985451,-0.3284524910440422,-1.5242862133387536,-0.1854333618037645,2.857489848582897,3.061549676241615,False
4014,7.124,1.499999991864854,-0.3289998169842856,-0.2861519687455487,-0.1865885814834828,3.04538842460822,3.1202825098140945,False
4017,7.186,1.4999999941820248,-0.3272917825850149,-1.1364797895948764,-0.1889461610879088,2.197075946382022,3.2320144618648436,False
4018,7.171,1.4999999995707218,-0.3278768551415475,-0.4462555912457077,-0.18973330509281,2.007752926526225,3.2882897430098463,False
4020,7.161,1.4999999923916802,-0.3276786854046907,-0.4569291050197755,-0.1876004757741289,1.9803739687411743,3.2714398185830067,False
4022,7.177,1.4999999995046671,-0.3261405107800256,-0.6099170081190975,-0.1863208368585403,2.0552216295785293,3.142054360549243,False
4023,7.192,1.5000000020755733,-0.3261688207424141,-1.6808319534430352,-0.1839153264783731,1.6519162996365142,3.0884477778314734,False
4024,7.223,1.500000003782261,-0.3268482598404248,-1.0404177253491491,-0.1848275029941044,2.058842341965026,2.992068057116052,False
4025,7.229,1.499999998221384,-0.3250836055165144,-0.7806941294433564,-0.1847043071603442,1.8673431427193423,2.8923793915634572,False
4026,7.238,1.499999997449021,-0.3250364222457753,-0.492507714166471,-0.188550791526773,1.694927821919766,2.792119509510036,False
4027,7.245,1.50000000443319,-0.3242437432980733,-0.9906077338074628,-0.188749200113473,1.4373754367496234,2.6729355453946786,False
4028,7.198,1.5000000015311572,-0.3241588134107704,-0.9158927170133192,-0.1894797964791624,0.933804717699272,2.5269502537884185,False
4030,7.266,1.499999999130592,-0.3242531799521112,-0.1118170390446155,-0.1887864965816482,0.7477083056793763,2.412543166285006,False
4031,7.254,1.500000002582702,-0.3267444566449087,-0.3039413394319376,-0.1875052674406837,0.4690155888299003,2.334399816371198,False
4034,7.26,1.499999991803802,-0.325272338599196,-0.3181726805154973,-0.1866611386144465,0.3474762462399406,2.2550200267502896,False
4037,7.275,1.4999999989801918,-0.3274144590887442,0.1123279469903233,-0.1881242851627904,0.1314924086622632,2.1964962263455314,False
4038,7.312,1.5000000061079757,-0.3287261540141639,-0.617032773617454,-0.1858893305986179,0.0063257406759108,2.182843762972354,False
4039,7.349,1.5000000008996082,-0.3289526337134092,0.1799272120824176,-0.1822856362239363,0.0093831954443391,2.227127171559859,False
4040,7.297,1.5000000025922622,-0.3299246090897549,-0.2221106309653461,-0.1789943153988456,-0.0054148129166181,2.2856037108789513,False
4041,7.365,1.4999999936344934,-0.3306323581501542,-0.5743383930335274,-0.1737199551773597,0.0246173826377862,2.3524265747846926,False
4042,7.334,1.4999999922406546,-0.3303586951801698,-0.7202105156989345,-0.168487202738015,0.0521688928392608,2.414639477810767,False
4043,7.374,1.499999997816044,-0.3324913790155427,-0.6348219932462775,-0.170478588420434,0.1525797491756619,2.4687235118821813,False
4046,7.343,1.4999999990200148,-0.3319251797672233,-0.9479134099971512,-0.1721480040220833,0.1749847779871339,2.5379450653275035,False
4047,7.359,1.4999999996627995,-0.3327650419856645,0.1656957948146505,-0.171005439280974,0.2922376358311608,2.6279057722167125,False
4048,7.35961111111111,1.499999995103649,-0.3353412485656275,-0.570780547672783,-0.1738856942294907,0.3845177504203259,2.7018722334604175,False
4049,7.426,1.5000000007355778,-0.3323309558952497,-0.951471279928066,-0.1740306697921015,0.5332053921653482,2.7766563639464032,False
4050,7.38366666666667,1.5000000029054217,-0.3357092780769527,-0.8731984448027654,-0.1789765037608812,0.5309815647423407,2.8072900474231886,False
4051,7.396,1.4999999951873322,-0.3333029312715954,-0.777136249134825,-0.1825124352194104,0.8704883376278983,2.8470695724185036,False
4053,7.38,1.500000004842701,-0.3351996987535476,-0.7593470392275405,-0.1830968090313752,1.0163496982693698,2.8875054450769113,False
4054,7.39016666666667,1.5000000008256698,-0.3338502572115642,-0.8411777168155079,-0.188592817425264,1.3424244030325856,2.862185045907223,False
4056,7.411,1.5000000036453376,-0.3354544884151815,-0.4142349115847638,-0.1911594690929136,0.8430709082188923,2.855133611990823,False
4057,7.389,1.4999999980044407,-0.3347656126629955,-0.8945455487178031,-0.1931890458868074,0.7650811287868469,2.8562171899209243,False
4059,7.432,1.4999999908739794,-0.3340484269485583,-1.1720583340707629,-0.1939240250100016,0.3127402881458483,2.821054107765308,False
4060,7.479,1.5000000058560068,-0.3335765942415797,-0.41067707228298,-0.1912236178538767,0.3562553405200322,2.8046112553870963,False
4061,7.417,1.499999991795586,-0.3328877184893938,-0.9906076380667014,-0.1922356311015373,0.2545650956946123,2.726204502195563,False
4065,7.448,1.500000000159633,-0.3312834872857764,-1.5456333776537354,-0.1923649932093489,0.2383996670345785,2.697607495450446,False
4066,7.463,1.4999999932782482,-0.331811939917532,-0.7486733790992988,-0.1957487071189694,0.2659862939115064,2.6032061255156447,False
4070,7.50783333333333,1.5000000021464943,-0.3298302425484142,-1.680831953947687,-0.190746639358228,0.3199285392130382,2.5266392340284898,False
4071,7.454,1.5000000072767812,-0.3282637579613606,-1.01907061041126,-0.1913089776468597,0.3078191134114604,2.551740132703236,False
4073,7.494,1.5000000004487062,-0.3296698194279838,-1.1435955502586497,-0.1878672155880235,0.3406188646499502,2.568215929174771,False
4076,7.485,1.5000000040745458,-0.3275465722467861,-0.6704006110466666,-0.182311668749921,0.4600474221876285,2.57926223556022,False
4077,7.516,1.500000005302656,-0.3283486878485261,-0.4106770678769346,-0.1765986671400105,0.791893519595246,2.6361113800734444,False
4078,7.509,1.499999999315221,-0.3290186902923616,-0.955029126019164,-0.167439946517921,0.8468792411827287,2.650300291582168,False
4080,7.546,1.500000002746288,-0.3288110839013294,-0.9763762934800552,-0.1578286307981715,1.089821473440766,2.7550057452718217,False
4081,7.531,1.4999999955766066,-0.3285185476229945,-1.2503312211052615,-0.1496868853894141,0.8215971248286545,2.8818271992914117,False
4084,7.537,1.500000002025918,-0.3320289829627394,-0.7735784450340922,-0.1388638481477314,0.7011661224892295,3.084646213777648,False
4085,7.605,1.4999999974768856,-0.3301982720597394,-0.894545544687333,-0.1273080324988044,0.2695347149505697,3.2532137191704495,False
4086,7.568,1.5000000046634556,-0.3312551773233879,-1.2218684332877647,-0.1141444901328947,0.0343705969454716,3.3920417869849584,False
4087,7.562,1.4999999941188975,-0.3311041908571328,-1.4424554836622543,-0.0966099469064865,-0.0107901693429056,3.5797628901232184,False
4089,7.614,1.4999999941122355,-0.3313872904812925,-1.7057368951623344,-0.0849118379475065,-0.121699166604596,3.7456655769930305,False
4090,7.59,1.500000004560137,-0.3317836299551435,-0.7024213268179319,-0.0649187763326539,-0.198930223858623,3.9240351407829315,False
4091,7.599,1.5000000020201771,-0.3308588378495369,-0.9230084345326464,-0.0532133216102965,-0.1892900117635365,4.117815613087022,False
4094,7.583,1.5000000006951608,-0.3335765942415797,-1.6772740867092184,-0.0464220363847989,-0.1664351481891224,4.28727180045158,False
4095,7.63,1.5000000017047783,-0.3328782818353558,-1.2005212699542271,-0.0215580659348762,0.0423181097041267,4.469032190198789,False
4097,7.651,1.5000000005337324,-0.3357092780769527,-0.9728184197854648,-0.0093164495614083,0.1719369501368807,4.621172190980546,False
4098,7.667,1.5000000052066156,-0.3355677282648729,-0.7913677540156433,0.0008331455193931,-0.3994415460207184,4.837903566939298,False
4102,7.636,1.5000000001970433,-0.3346523728134415,-0.5885698721694401,0.0285551706572615,-0.4602687526649177,5.054499895344487,False
4103,7.645,1.5000000018888286,-0.3380495683034951,-0.6739584509297495,0.045106314958607,-0.489895775014688,5.191304502561882,False
4104,7.62766666666667,1.4999999984342438,-0.3368888598443305,-0.7557891327733686,0.0805581475791407,-0.5020259437016279,5.339958341381063,False
4106,7.682,1.500000000360744,-0.3362471673628836,-0.74155772007367,0.1257256807108007,-0.505607267021099,5.331572712629297,False
4107,7.697,1.5000000025924802,-0.3364453370998778,-1.2147527041301227,0.1201247760092548,-0.5068965345289386,5.354011427505304,False
4110,7.657,1.500000003909473,-0.336011251009463,-0.1402799331476688,0.1750171584450304,-0.5075211024574692,5.342405354811612,False
4116,7.62,1.4999999947483864,-0.3349260357834259,-0.1865319984248532,0.1986146781837739,-0.5085837211778924,5.339833791302679,False
4182,7.577,1.4999999988593296,-0.3107965111499387,-0.8162727033916981,0.2390798786259795,-0.5095602370502201,5.359372084572688,False
4187,7.553,1.4999999988740358,-0.3070312861485599,-1.0190705469126549,0.3100694385528509,-0.509190481752983,5.396470480867297,False
4197,7.469,1.5000000030808427,-0.2962357538135159,-0.926566299521441,0.3702547303469015,-0.5089321394775015,5.390791079459259,False
4199,7.45316666666667,1.49999999902336,-0.2970095594528674,-0.7415577097456695,0.449565159243864,-0.5087305042143183,5.440290683116379,False
4213,7.328,1.500000003295659,-0.2911871438491059,-0.7166527445638247,0.5090206568045845,-0.5081522516899852,5.489557539184433,False
4214,7.306,1.5000000013680612,-0.2890922066301594,-1.4282241087847325,0.5289233455969354,-0.5085219873107271,5.696063149041832,False
4215,7.322,1.4999999965194857,-0.2897999556906959,0.1834851055788984,0.5282235391432276,-0.5086610885655848,5.851929961921884,False
4218,7.282,1.5000000011182013,-0.2877522017424885,-1.0083969931927548,0.5862749183639079,-0.5060461879957162,6.054970358219665,False
4239,7.214,1.4999999951976024,-0.2757865242941046,-0.6881898264447068,0.611637350025991,-0.5014697539810485,6.181052178514285,False
4266,7.246,1.4999999935361918,-0.2645474692146078,-0.0940277088214388,0.637344089901243,-0.4956595611850495,6.220599335348356,False
4269,7.291,1.4999999985889227,-0.2633018308682778,0.0269393845642354,0.616550278195558,-0.4931280654499457,6.132457181794278,False
4282,7.173,1.4999999967094555,-0.2575077252269047,0.2332951006989189,0.6429292573881894,-0.4983838298752537,6.095512376513931,False
4289,7.078,1.5000000084300356,-0.2496281190208978,0.4005142756589797,0.6074668133054721,-0.501277887687915,5.93015351819434,False
4296,7.051,1.50000000216715,-0.2448248620640837,-0.0442177828406253,0.560187960381141,-0.5035205603854541,5.722498115045882,False
4297,7.057,1.500000005050748,-0.2427487981534877,0.4396507301740912,0.4503554853209464,-0.5093870157828648,5.397622864829119,False
4298,7.066,1.50000000037629,-0.2438434500335627,0.6602378977311083,0.4733543645466834,-0.5091017378689117,5.0482351556127725,False
4301,7.035,1.4999999983251726,-0.2393610393176094,0.7064900552649067,0.3748225959751547,-0.5108842375978653,4.6183017113508775,False
4307,7.02,1.4999999954917007,-0.2382380774750086,1.357577894433314,0.2932949070568181,-0.512739990692155,4.162422070551667,False
4319,7.004,1.499999996238606,-0.235246658112844,1.0338129089673405,0.1862158931648946,-0.5118333544379703,3.692799636689285,False
4371,7.43,1.4999999941836049,-0.2050493648681366,0.9057300784419532,0.1363549736705444,-0.5117838978432696,3.297633562682919,False
4372,7.522,1.5000000016041055,-0.2065592295302759,0.1443486372345059,0.1109671150137128,-0.5112152397747504,2.7985953469664278,False
4377,7.5,1.499999997660436,-0.203435697010344,0.4823450760483196,0.0526633179317878,-0.5097371380525783,2.3958307745478513,False
4409,7.63516666666667,1.4999999967254245,-0.1916681892989543,0.2937786679564598,-0.0275086804015757,-0.5102640644781633,2.0042592141718862,False
4416,7.688,1.4999999976653102,-0.1886956432451402,0.6388907798200831,-0.0464627037993285,-0.5086093496817785,1.7631497808618077,False
4417,7.673,1.4999999999621834,-0.1880539507636933,-0.1296063303188497,-0.0919011241938284,-0.5053789315674193,1.5559030186722822,False
4419,7.69483333333333,1.4999999960904862,-0.1866950725676718,0.4396508065994707,-0.1239926349327739,-0.5011238787369292,1.340500438748663,False
4420,7.71,1.4999999953061762,-0.1872046518912142,-0.478276269576861,-0.1038012699619964,-0.4959688678148465,1.1699122042055918,False
4422,7.765,1.4999999952976657,-0.1880633874178686,0.4716715255224021,-0.0875558305558265,-0.4580373980975881,1.0783849348305632,False
4423,7.74,1.500000000625126,-0.1857230971913261,0.7278371766291295,-0.0910052097885662,-0.4475309930527167,0.9897510073998487,False
4424,7.787,1.5000000085055396,-0.1852701377926981,-0.1900899669143632,-0.1149113147186797,-0.3742242996047271,0.941013901047874,False
4425,7.771,1.5000000000670333,-0.1841754859126231,0.3649357778003674,-0.1400719793550802,-0.0740487615393546,0.8712970730119699,False
4426,7.817,1.5000000010162424,-0.1856947872289376,0.7171636025125877,-0.1443267402249461,0.0128745875429568,0.859543679104455,False
4427,7.802,1.499999994681002,-0.1848643616646718,0.9733293553698288,-0.143984017685968,0.1388903360950578,0.7937047813285472,False
4428,7.793,1.5000000022461235,-0.1833828069649211,0.3649357592967537,-0.1541693970115103,0.2290441996432726,0.6774612477325839,False
4429,7.824,1.5000000009629748,-0.1833544970025326,0.1479064994872912,-0.1537320893047667,0.2175733941061442,0.6435301125628674,False
4430,7.808,1.499999996883262,-0.183231820498666,0.8488043440600263,-0.156213506096599,0.0531055971821534,0.5999816544061276,False
4432,7.854,1.4999999993287676,-0.1812029398588091,0.6104279101989339,-0.1615330392043773,0.0667917427161432,0.5540218486304531,False
4433,7.861,1.4999999977878289,-0.1816181526408733,-0.2505734473473479,-0.170548638553005,0.0789907123606134,0.4949889330377,False
4434,7.891,1.4999999989167754,-0.1812218131670223,0.4823450652967794,-0.1884017593488161,0.0597637804579991,0.5013819413167493,False
4435,7.907,1.4999999958265315,-0.1795798353468412,-0.0157548755260885,-0.1863163135901909,0.0814671140233376,0.56307253216557,False
4436,7.944,1.5000000033950698,-0.1795137787678889,-0.6526113212818104,-0.1985627828909916,0.0949408165408509,0.5836147659692484,False
4437,7.928,1.5000000086429344,-0.180013921437256,-0.4640449476519356,-0.2038240460044508,0.0498021210047912,0.5945206297301385,False
4438,7.922,1.499999994751074,-0.1798440616627876,0.1906008341850345,-0.2103584150703686,0.0691600271995488,0.6905677101452405,False
4439,7.953,1.4999999953111451,-0.1765506693682501,0.5143658083394301,-0.217767208646018,0.0718393665748545,0.7857726212019168,False
4440,7.975,1.500000001439078,-0.1766355992555529,0.3827250506096451,-0.2158933230341952,0.1134603367229475,0.8851620995471398,False
4441,7.99,1.4999999928382552,-0.1786078599704955,0.3791672667647731,-0.2141552671776606,0.0873861783427224,0.9830669220051386,False
4442,7.996,1.4999999916180886,-0.1765601060224253,0.5677336938066305,-0.2215908258691018,0.0345968883182064,1.054234136978571,False
4443,8.042,1.5000000011845211,-0.1760694000070962,0.9092878734373824,-0.2226014058010336,0.0043673537599571,1.1204120703734903,False
4444,8.021,1.499999996301964,-0.1749653114728459,0.6566800761600832,-0.2208890918376313,0.056733117207377,1.1305623648889875,False
4445,8.095,1.5000000009186392,-0.1745500986907817,0.5855228981862061,-0.2184499971570963,-0.087163056158522,1.1764728466805516,False
4446,8.048,1.5000000049031184,-0.1740593926754525,-0.1758585101213977,-0.2191117931377587,-0.1220616363643087,1.2387498717649754,False
4447,8.116,1.5000000001123464,-0.1737102364723406,0.3257993515330778,-0.2192863510331567,-0.0394827385278772,1.2462390278742501,False
4448,8.079,1.5000000004601457,-0.1753427776384837,0.4076300572267921,-0.2159879664504179,-0.0791347255444838,1.1988282512926771,False
4450,8.073,1.4999999987964527,-0.1728609375998615,0.5677336319667662,-0.2188878717770981,0.0057530927606841,1.2037294996191839,False
4452,8.132,1.5000000060125085,-0.1716152992535314,0.5535021422596283,-0.2211065501970496,0.1209581617890814,1.1742245560117606,False
4454,8.147,1.49999999961706,-0.1703507875988507,0.0482865174826207,-0.2190038656011846,0.0985797522022202,1.1894951400851599,False
4455,8.169,1.4999999982114656,-0.1715869892911429,-0.3893298700144641,-0.2129656542831667,0.0850909866703591,1.1867134416164913,False
4456,8.162,1.5000000047978552,-0.1704734641027173,0.4859028718430675,-0.2127980117790258,0.0773644012654707,1.1906818800844896,False
4457,8.21125,1.5000000012996904,-0.1693693755684671,-0.2648049032726104,-0.2120268392629235,0.0503148176666235,1.167198680459619,False
4458,8.20216666666667,1.5000000021115072,-0.1681048639137864,-0.3715406166365732,-0.2144273991951598,0.1131808716266033,1.1441866113293333,False
4459,8.215,1.5000000027455225,-0.1682558503800416,0.0482864916409431,-0.2140847906874051,0.1165781183924657,1.1728335374009395,False
4460,8.209,1.50000000494632,-0.1686144432373288,-0.5778963387706709,-0.2111659545226564,0.337943109380239,1.2150958070167819,False
4462,8.283,1.4999999982181853,-0.1676424678609831,-0.4320241529176111,-0.2082509535083477,0.4696988124798399,1.2129840727037817,False
4463,8.246,1.5000000003374665,-0.1662647163566111,-0.190089900649145,-0.2043830372935646,0.5491703199425687,1.2473913817870808,False
4464,8.236,1.499999999927801,-0.1674065515075625,0.6175436188215043,-0.2032581098252451,0.6456872717832657,1.2921018100502761,False
4465,8.322,1.500000000621952,-0.1682369770718283,0.1906007851107982,-0.2015658568921891,1.002654199547608,1.3368144805609434,False
4466,8.304,1.5000000074318722,-0.1664251394770415,-0.0797963948698416,-0.1976950537165772,1.2098734886412317,1.373521018828643,False
4467,8.313,1.499999998136342,-0.1680765539513979,0.0233815314344459,-0.1979024101172836,1.4866676215716916,1.4321555965494857,False
4469,8.35,1.5000000031837766,-0.1648964015065517,-0.1082592152461803,-0.1954303328991912,1.826100012494775,1.4559191585241638,False
4470,8.329,1.4999999953969942,-0.1670573953044505,-0.019312728916579,-0.1929123127220221,2.4141675120951227,1.435976660576265,False
4471,8.32,1.4999999958304226,-0.1681048639137864,-0.1224905828259762,-0.1941753859563999,2.46674343018198,1.469828889996647,False
4472,8.344,1.5000000040773107,-0.1665383793267329,0.3400307455504188,-0.1919991201235123,2.062641399648836,1.4863546118291937,False
4473,8.372,1.500000004668855,-0.1666138725598604,-0.2790363579824874,-0.1926869083012938,2.0296187392349703,1.484008843544306,False
4474,8.381,1.4999999989949282,-0.1687182464328449,0.0091500967403714,-0.1947100541647027,1.66590765841239,1.476182832157117,False
4475,8.43275,1.499999994354738,-0.1658589402288595,0.3471465416587044,-0.1950283070959627,1.5481929792470264,1.4402892816888633,False
4476,8.418,1.4999999969368174,-0.1663024629733122,0.187042959010703,-0.1951317035086409,1.3985211957248156,1.4126872920706033,False
4477,8.44,1.5000000033152583,-0.1673593682368234,-0.5885698966283693,-0.195211946187513,1.192072051703707,1.3528884709667055,False
4478,8.433,1.500000008368151,-0.1675197913572538,-0.5565492243551552,-0.197410483293993,1.702566686810428,1.3232669273472473,False
4479,8.455,1.499999998566708,-0.1678028909814135,-0.2790363088587133,-0.198686304313388,1.512471166296286,1.287123471450764,False
4480,8.46366666666667,1.4999999979634262,-0.1692938823352022,-0.5280862872816812,-0.1996549973983871,1.280568056980103,1.1998754578150217,False
4481,8.544,1.5000000049578637,-0.1686050065831535,-0.0620070901711951,-0.2005147957697021,1.1379726276545514,1.120312039973722,False
4482,8.538,1.4999999997114932,-0.1677462710564992,-0.0086391936816976,-0.1971567241303485,1.0107012765026966,1.0914078121800057,False
4484,8.584,1.5000000011563226,-0.168180357146914,-0.3217306124716607,-0.1945747233456385,0.6319496535586964,1.0373269303285748,False
4485,8.591,1.5000000015787949,-0.1688597962449247,-0.3359620434452692,-0.1953980666085496,0.1560797459556537,0.9944316970426679,False
4486,8.575,1.5000000059129184,-0.169322192297728,-0.2256685147222805,-0.1969874659052505,0.0659036253697497,0.9732560065825029,False
4488,8.6,1.499999999535638,-0.1672838750036959,-0.5458755841694044,-0.1971540106401126,-0.1162956875786338,0.9691689946314841,False
4491,8.637,1.4999999945929654,-0.1694071221850309,0.2617579737618992,-0.1966497040124358,-0.2760155579316234,0.9681740745347445,False
4492,8.606,1.4999999971647622,-0.1695769819594992,0.069633679199106,-0.1976872095145871,-0.3221411039385414,1.001832326807918,False
4494,8.68,1.5000000043759132,-0.1678595109063279,-0.271920641845188,-0.2092123841938105,-0.3368439427117641,1.0766538086530095,False
4497,8.668,1.4999999978489895,-0.1663118996273502,-0.0655648888065289,-0.2051320977492698,-0.3717068661830148,1.1603882685370028,False
4499,8.689,1.4999999977563856,-0.1652078110930999,-0.083354172586928,-0.2024004918293264,-0.3961061601270627,1.2109574809727541,False
4501,8.695,1.5000000060028111,-0.1638300595888653,-0.375098504621153,-0.19907979525275,-0.4084785732871167,1.282513006935385,False
4503,8.711,1.5000000000143934,-0.1635563966187435,-0.869640565787517,-0.1927812898566511,-0.4021905996644497,1.42550092565528,False
4505,8.674,1.500000002333072,-0.1616501924827532,-0.6704005974817412,-0.1926136504444085,-0.3913284639225695,1.5079255804034137,False
4507,8.705,1.4999999998744464,-0.1588946894741466,-0.0584491915998026,-0.2023723391500736,-0.4098225016986633,1.568112202155962,False
4509,8.735,1.4999999992202682,-0.1593948321435137,-0.5245284403020787,-0.1980114873647921,-0.4220878118479596,1.6363725664382676,False
4519,8.726,1.5000000018263189,-0.1551766477433695,-1.0902277071341375,-0.1931688369485432,-0.4163636473784671,1.7020016869148362,False
4521,8.741,1.49999999571615,-0.1537517129683958,0.1087701171952682,-0.1916434962110046,-0.4085603677014241,1.7193844830050045,False
4523,8.748,1.5000000041422556,-0.1545538285701358,-0.2007635021615307,-0.1856385818480901,-0.4056132272096631,1.814963244602924,False
4524,8.763,1.4999999949692036,-0.153478049998274,-0.0086391546761285,-0.1819017370297406,-0.3988233755775878,1.8809297377104022,False
4526,8.72,1.4999999988923498,-0.1545349552619225,0.3044522204311028,-0.1829456995058893,-0.3867666886763373,1.9456523790179037,False
4546,8.67783333333333,1.4999999971776938,-0.1562524263152312,0.1550222448503184,-0.1919462075279748,-0.3716908825125645,1.9417607348253543,False
4559,8.778,1.4999999990899011,-0.1483539468008738,-0.5316441530521638,-0.200645059526507,-0.3648363083358299,1.9865002782154495,False
4560,8.831,1.5000000059337968,-0.1475329578907832,-0.1651849478449673,-0.195425149244968,-0.3509188519328737,2.0346728700869443,False
4561,8.815,1.4999999954144447,-0.1476556343945125,-0.4960655550009062,-0.189901747084703,-0.2121233664403891,2.0723031606566007,False
4562,8.855,1.500000001444462,-0.1497977548840607,-0.471160604383282,-0.1965141314829611,-0.2469039339001989,2.1473856875680397,False
4563,8.846,1.5000000003486331,-0.1470894351461931,-0.3893298870620416,-0.1919617215220516,-0.222075271803824,2.2756500776681574,False
4566,8.868,1.5000000025354898,-0.1473159148454385,-0.2327842012007686,-0.1909516938657832,-0.1680586020990718,2.294628113689896,False
4567,8.877,1.5000000021252065,-0.1460985864616342,-0.0940277790244646,-0.1903117875077541,-0.0841019159773837,2.3863005340928933,False
4568,8.923,1.5000000006411969,-0.1459098533788153,-0.7842520050254834,-0.1893143486693177,0.0460027782043228,2.414046846550562,False
4569,8.936,1.4999999970068882,-0.1433619567612407,-0.5850119902521611,-0.1886081522234245,1.13027151481151,2.4829976884368605,False
4570,8.914,1.500000000906288,-0.1461646430405865,-0.3608670363282745,-0.1902981321583214,1.2247187152393837,2.531675201862203,False
4572,8.966,1.500000001606152,-0.1457494302583849,0.8701514438650539,-0.1916067059978506,1.3360271300349018,2.6128063386373652,False
4573,8.929,1.4999999967776496,-0.1458721067622515,-0.0015234557195821,-0.1947245088229711,1.3314065830216124,2.6419158253398263,False
4574,8.951,1.5000000064384171,-0.1450699911605115,0.2439685897222717,-0.1929361526336134,2.0201698346772736,2.6548635627490356,False
4575,8.945,1.5000000006940553,-0.1460514031908951,0.0233815103026772,-0.1929835765504906,2.2993393204789783,2.6250803679021226,False
4576,8.991,1.5000000019268345,-0.146589292476826,-0.6277063115734397,-0.1926321760313317,1.8341455852500723,2.634366989171865,False
4580,9.043,1.5000000069629904,-0.1484577499963898,0.1052121668772816,-0.1895753999773431,1.6162240924739812,2.591599253033536,False
4581,8.96233333333333,1.5000000031708487,-0.1453436541304959,-0.492507759414283,-0.1894342257387981,1.1984488344750586,2.5938068752395846,False
4582,9.013,1.4999999954894534,-0.1474102813869166,-0.3537512791957386,-0.1903730865616292,1.5161342683440604,2.570443721481206,False
4584,8.982,1.5000000015251462,-0.1473159148454385,-0.5672227412092226,-0.1910913306760518,1.2043883651720286,2.5518390662561745,False
4586,9.003,1.4999999977212224,-0.145154921047677,-0.5707805682357827,-0.1899669041120362,0.4384425010744575,2.515863087617652,False
4589,9.056,1.4999999993634952,-0.1446264684159214,-0.3715405946838739,-0.1882824373841142,0.4334190149347423,2.5507959327277208,False
4590,9.049,1.500000005660022,-0.1457588669125602,-0.6917477647153368,-0.1882886150249456,0.3432484194019957,2.6025355061689406,False
4591,9.065,1.5000000031126055,-0.1431920969867724,-0.1580692111345222,-0.1891587701318683,0.3985154428762671,2.6491468296758183,False
4592,9.096,1.4999999952368377,-0.1433336467988522,0.1585801179345724,-0.1902788511082528,0.5063173684265905,2.6986341063787935,False
4596,9.07041666666667,1.4999999938459814,-0.1426730810090548,-0.3537512660472498,-0.1875804017667554,0.567018357602376,2.730634238093037,False
4597,9.08,1.5000000007596033,-0.1428995607084374,-1.1720584077411755,-0.1864924730218334,0.6469093731940365,2.8006225525604456,False
4600,9.09258333333333,1.500000000719001,-0.1417011056327091,-0.5280863090072129,-0.1870879761470193,0.9413179125887824,2.892225568427425,False
4605,9.071,1.5000000052244336,-0.1395118018725591,-0.2149949385057262,-0.1876874979628743,1.2911521950101772,2.9358350120792482,False
4607,9.086,1.500000001535824,-0.1404932139030801,0.0980964981650288,-0.1868526930831513,1.142080502763687,2.9917200975797966,False
4609,9.111,1.499999997571649,-0.140738566910676,-0.4711605737281166,-0.1860520046234135,1.2134657795966457,3.0128838485662794,False
4610,9.10583333333333,1.499999992360662,-0.1420974451066974,-0.8838719348328623,-0.1863108044871099,1.458073587993345,2.961453030398381,False
4611,9.123,1.499999995943652,-0.1436544930395757,0.2297372502029201,-0.1871363908132368,1.3471408859568177,2.9786779561228935,False
4612,9.139,1.5000000035272516,-0.141937021986267,-0.2043213540829856,-0.1865790863196039,1.2302354725795115,2.9411896996021007,False
4613,9.163,1.5000000023410782,-0.1418520920989642,0.0909807776913788,-0.1875029317267494,1.2157455738740963,2.9479499386638794,False
4614,9.148,1.4999999970151043,-0.1438054795058308,0.2083900997980436,-0.1881128130402335,0.9589613039735644,2.913348965544468,False
4618,9.185,1.500000005098862,-0.1448152014987403,-0.9692605975495384,-0.1899634985621397,1.0748363812105983,2.810654640564785,False
4619,9.179,1.4999999999983664,-0.1458154868374745,-0.3146148893829761,-0.1898589474568246,0.9774929149534644,2.7558852579099775,False
4620,9.191,1.4999999936983428,-0.1429278706709633,-0.6348219610744558,-0.1895554435180177,0.6743934245287986,2.7003989995668936,False
4621,9.154,1.4999999920182443,-0.143371393415416,-0.6739583740678783,-0.1897472306786302,0.3680456253110731,2.6416625048646107,False
4628,9.231,1.5000000034126844,-0.1443150588292359,-0.3252884874505636,-0.1902710029197825,0.2145425731412769,2.6400373789056437,False
4629,9.222,1.500000001534033,-0.1429278706709633,-0.3857720396343154,-0.191835521117912,0.1273899640075382,2.5662280852292962,False
4630,9.216,1.5000000047160835,-0.1440697058217773,-0.6810741867229111,-0.1952889492502298,0.1329944966464568,2.530969292896293,False
4631,9.2,1.4999999992533304,-0.1418898387156653,0.0198236652767156,-0.2013335712084992,0.1184841320563165,2.506200528763972,False
4633,9.207,1.4999999976571436,-0.1413330761213839,-0.9016612598754083,-0.2026732237198319,0.0571293187634445,2.5096483688038336,False
4638,9.237,1.5000000009824064,-0.1382944734886175,0.1656957838002503,-0.2100941970546042,0.1350248890827067,2.5723612840551606,False
4642,9.2035,1.5000000043108757,-0.1376433443529953,0.0980964751274792,-0.2123208160118232,0.1666416822722899,2.6472701467574957,False
4644,9.247,1.5000000012595738,-0.1355012238634471,-0.1616270529516933,-0.2190763830015342,0.1448179526529515,2.745821152858589,False
4646,9.259,1.5000000040056356,-0.1375584144658298,-0.6383798985092309,-0.2256658374064849,0.2175255859057673,2.841291680379193,False
4648,9.253,1.5000000033247618,-0.1360957330742923,-0.6490534638542493,-0.2250768035166581,0.5525170994533395,2.94203560834759,False
4651,9.305,1.500000001738556,-0.1377565842026866,-0.8696405789626945,-0.2276183236699267,0.613955533469167,3.0323047451073077,False
4655,9.29,1.5000000043867032,-0.1368978486760323,-1.001281304136721,-0.2348423478555163,0.8529877349065715,3.14541949920792,False
4660,9.274,1.4999999920943676,-0.1366524956684364,-0.6526112331228373,-0.2361442127564938,0.7345867606229346,3.168166358472092,False
4661,9.268,1.4999999952492007,-0.1362278462321968,-1.232541934138658,-0.2499522812014733,0.6276045789159556,3.204768548863063,False
4665,9.284,1.5000000011334238,-0.1363127761193623,-0.6526113036641558,-0.2593489197551092,0.3985242693647589,3.170999322606726,False
4669,9.22516666666667,1.4999999940296689,-0.1348312214196116,-0.8625248061372971,-0.2679775837436509,0.2384537393724954,3.129522833259832,False
4686,9.133,1.4999999983507608,-0.1373979913453994,0.1052122384139918,-0.2749407770685345,0.1225462169960017,3.020542596320481,False
4690,9.17,1.50000000307576,-0.1380491204810216,0.6139857347184041,-0.2890373245484771,0.0455292110466468,2.924683515134184,False
4711,9.102,1.50000000391381,-0.1428618140918736,0.2155057558012759,-0.2870995076037969,-0.0130098770797962,2.753344901253994,False
4717,9.117,1.5000000059587124,-0.1430222372123041,0.6104278528948612,-0.2836890265376199,-0.104682952274848,2.5908852324508023,False
4735,9.019,1.4999999926395045,-0.1433997033778045,0.2190637071836856,-0.2789944283017426,-0.1753371683346219,2.3817494761037525,False
4738,8.997,1.5000000013663009,-0.1448340748069535,0.9377507270032958,-0.2634598496741825,-0.2170546570743466,2.212276247934982,False
4740,8.96,1.499999995795646,-0.1472498582666235,0.7883207861784463,-0.2519318977378143,-0.2791581350627766,1.9656502821094826,False
4749,8.976,1.4999999992473008,-0.1481652137180548,0.5712914849974492,-0.2472658997125071,-0.2940959288160438,1.771812527752197,False
4751,8.883,1.500000004437632,-0.1490428225530597,0.852362134493627,-0.2190734512501131,-0.4100078895042794,1.5573862988593423,False
4754,8.862,1.4999999975412457,-0.1488635261244161,0.8630357659171898,-0.2065895866604076,-0.4381416858808857,1.4012176423630711,False
4756,8.84,1.500000006940769,-0.1483067635301347,0.2404107286066759,-0.1947739072160617,-0.4500018469431438,1.2940202808088561,False
4760,8.8,1.499999999743946,-0.1509207167266615,-0.3964455960137564,-0.1906108643513459,-0.4599264179373343,1.2082455642979522,False
4762,8.794,1.5000000035360306,-0.1504017007489439,0.1550221917983401,-0.1876138346256072,-0.4661118801540709,1.1065292330888388,False
4766,8.788,1.5000000059529357,-0.152279594922683,-0.1545113773302037,-0.1687157334257939,-0.4672937841361069,1.0353007553051907,False
4770,8.809,1.5000000027552416,-0.1498166281924113,0.7029321597848258,-0.1542665013160252,-0.4731705368287716,0.9711027151756669,False
4787,8.825,1.4999999975436753,-0.1487408496205495,0.3400308008442834,-0.1551139516685635,-0.4776439800371272,0.9629423075016744,False
4817,8.658,1.500000001485852,-0.1683407802672071,-0.2968256168274837,-0.1533855530517649,-0.4771204820974729,0.9748668634661039,False
4820,8.643,1.4999999984274954,-0.1704451541401915,0.4965764970984857,-0.1493138467648855,-0.4731142596452118,0.9948101876773886,False
4823,8.621,1.4999999990073334,-0.1709264235013454,0.2012743693082221,-0.1464384578381425,-0.4708179310381049,1.0000871439649257,False
4826,8.628,1.4999999998904603,-0.1715398060204038,0.5463864811670699,-0.1478903970433681,-0.4679467112056726,0.9585273915045581,False
4828,8.554,1.4999999991335178,-0.1717285391030854,0.6175436256904392,-0.1271071467144679,-0.4648646333495411,0.9251196714014607,False
4829,8.56,1.4999999992613997,-0.1734460101563941,-0.1651848936240982,-0.1243428829174746,-0.4582413505756426,0.9160494896297305,False
4830,8.569,1.4999999976617375,-0.1708792402307437,0.1052122441372952,-0.1080565911531709,-0.4433238777817601,0.8992358235016238,False
4836,8.517,1.5000000048946027,-0.1762203864733513,0.6460064309751236,-0.1255088549224624,-0.4286230914249115,0.858882323123918,False
4838,8.523,1.499999993320588,-0.1765412327140748,0.9235193706627688,-0.1297807428347991,-0.3461110643516331,0.8385170699941189,False
4839,8.507,1.499999997850295,-0.176503486097511,-0.563664855439743,-0.1299013480099952,-0.3532712058785481,0.7934792355313497,False
4840,8.486,1.5000000003362548,-0.1781643372260427,-0.535202019787771,-0.1310748666343385,-0.3673989715761078,0.7947847825015351,False
4841,8.449,1.5000000067038093,-0.1781549005718674,0.0518443157571775,-0.1360093041230434,-0.3660641396152755,0.7553392935702863,False
4843,8.464,1.5000000045271704,-0.1814671661746182,-0.4071192048259209,-0.1287131496673769,-0.3620839018007786,0.7303223367804215,False
4846,8.424,1.4999999944664415,-0.182646747941996,0.4787872464560163,-0.1292920772821345,-0.3544801790436017,0.7081869705259769,False
4847,8.403,1.499999999326448,-0.1850153481309269,-0.7130948568801435,-0.1196009595377327,-0.3369834291514861,0.7141357884567949,False
4849,8.397,1.5000000040012635,-0.1857608438078899,-0.0975856512360434,-0.1278593928318639,-0.2911795524178938,0.7340761977089059,False
4850,8.387,1.500000000085591,-0.1869404255752677,-0.3217306038824881,-0.1342169220136775,-0.2728383587532685,0.8407395969697191,False
4852,8.356,1.499999995765836,-0.1879595842223525,0.4467665231625375,-0.140777999182571,-0.2862449756854216,0.9534311406109978,False
4853,8.335,1.4999999973400076,-0.1902998744487576,-0.4142348613936301,-0.1411322733221076,-0.2395597786329313,1.0515487657513587,False
4857,8.298,1.5000000003928176,-0.1894505755762785,0.4325350560794703,-0.1373723431998683,-0.1581261379167046,1.0653903799242062,False
4859,8.289,1.5000000060599232,-0.1904697342233632,-0.6063592025719151,-0.1422473553418632,0.1147426266553347,1.1071408917283556,False
4860,8.276,1.4999999923629237,-0.189771421817002,-0.5992433814605843,-0.1428407474273332,0.278501414007039,1.1550198330804926,False
4861,8.252,1.50000000045043,-0.1901866345990662,-0.5067391655226269,-0.1436972942286436,0.2154849734408244,1.1700010961207101,False
4863,8.23,1.500000004956988,-0.1898374783959543,-0.0691228039403059,-0.1441422983860113,0.0232447695656849,1.168675263429413,False
4864,8.224,1.5000000065819965,-0.1883276137336777,-0.3466356541723203,-0.1327271554003891,-0.0639627535170143,1.1796350925394075,False
4867,8.184,1.5000000016883563,-0.1895921253883583,-0.8447355803200015,-0.1228356096347475,-0.1592996101114435,1.132307994777238,False
4868,8.178,1.4999999997478044,-0.1895543787717946,-0.2897098890553869,-0.1158023515117426,-0.2497511704392494,1.0305134583492446,False
4872,8.141,1.4999999965406414,-0.1874594415529854,-0.1260484455385835,-0.1016533609854744,-0.2473681782076136,0.9571038397683912,False
4873,8.199,1.500000002049737,-0.1870819753873476,0.3862829023322657,-0.0872891042724816,-0.2369889153600805,0.9520902775841663,False
4875,8.125,1.500000001799153,-0.1838168930553359,-0.5743384571536719,-0.0864528185244162,-0.2695095677951672,0.9799301387161208,False
4879,8.101,1.4999999942381697,-0.1830147774534585,0.0625179896379191,-0.0778267129056268,-0.2620733953940999,0.9915210132389745,False
4884,8.027,1.5000000040278232,-0.1818729423026445,-0.4177927715326823,-0.0823536949716148,-0.3023491754032652,1.08664714197502,False
4887,7.981,1.5000000004808447,-0.18115575658807,0.066075794821317,-0.0599272195390132,-0.2523515497499679,1.2018107684818677,False
4889,7.965,1.5000000009356456,-0.1786739165495851,0.3898407687057544,-0.0521195484283069,-0.2808914848324735,1.2939523085995615,False
4891,7.938,1.4999999959630432,-0.1771263052707447,0.3400308142211035,-0.0612872765833289,-0.3112758274957274,1.4224897696843948,False
4895,7.913,1.4999999994762208,-0.175361650946697,0.8132257522508859,-0.076071382244073,-0.3114819916641024,1.5398395183479374,False
4897,7.885,1.5000000011207042,-0.1743613656079628,1.0480442929812632,-0.0968116273590156,-0.30958975716121,1.714738842014697,False
4900,7.845,1.5000000040676986,-0.1716907924866589,0.6388907243613443,-0.1066079225054486,-0.2950250549988545,1.8256537642082458,False
4901,7.87,1.500000000914362,-0.170303604328249,1.2330528534552982,-0.1188057054946781,-0.3317314409111659,1.8802155114389778,False
4903,7.839,1.4999999989433752,-0.1670762686126637,0.343588645914038,-0.1296512739083298,-0.3525096075318747,1.855685177667695,False
4904,7.833,1.5000000006747218,-0.1669630287629724,1.894814238606657,-0.1370945826749827,-0.3943268963860043,1.7826314056762955,False
4911,7.901,1.4999999970061004,-0.1636696364684348,1.0516021866650482,-0.1337287143415235,-0.4380635215424343,1.6905005241422226,False
4913,7.876,1.5000000086883558,-0.1670668319584884,0.8879406658351452,-0.1258491029866874,-0.467465424033568,1.6279044428579008,False
4931,7.836,1.5000000051081508,-0.1808066003848207,0.4538821572097406,-0.106275072979336,-0.480319905406064,1.5195851951138692,False
4932,7.88166666666667,1.4999999997761508,-0.1799478648583037,0.5570600528385471,-0.1125618141271922,-0.4897881820256553,1.4243461052301505,False
4933,7.8235,1.4999999962420745,-0.1806273039563144,0.4859029450822972,-0.1056828487759932,-0.4951255245095827,1.2565190823229797,False
4934,7.85508333333333,1.5000000032061491,-0.1814766028287935,1.0622757019170772,-0.1100388960196348,-0.4988852331558557,1.138729488992932,False
4937,7.84791666666667,1.500000002889993,-0.1824580148593144,0.6993743017317269,-0.1013957637248611,-0.5044147747458835,1.0465023691473876,False
4939,7.8275,1.4999999982693428,-0.1847983050857195,0.0660758131591439,-0.04656542185063,-0.5051591982340645,1.0437588962462283,False
4951,7.777,1.5000000012235963,-0.1936687599764227,0.300894343847218,-0.0361703603011671,-0.5132160523373832,1.0077984374448044,False
4964,7.756,1.4999999941268882,-0.1995855421216623,0.4752293924601639,-0.0566671256458854,-0.5146347420242163,0.9814701740348121,False
4968,7.75,1.4999999996054196,-0.2003027278360995,0.3542622109991872,-0.0392070034843,-0.5143855598511027,0.8974297320544188,False
4973,7.734,1.5000000078587246,-0.2052286612967802,0.7669735392222888,-0.0735065447659433,-0.5145384235686704,0.8176290250663184,False
4974,7.719,1.5000000009937169,-0.2045869688153333,0.4254193371619373,-0.103582121351775,-0.5152380808071636,0.7461610074229513,False
4975,7.704,1.5000000039580303,-0.206710215996531,0.6922585786560822,-0.1107157864690579,-0.5154519384340337,0.7028147172103313,False
5014,7.725,1.5000000087933054,-0.2211577334833998,0.2902207093584139,-0.1383860913155991,-0.516385592517659,0.6456142565662579,False
5023,7.68616666666667,1.5000000062827836,-0.2258666238987358,-0.1545113800388275,-0.1543024492021412,-0.5164531621983212,0.6231128168284739,False
5062,7.641,1.50000000062023,-0.2421731622509931,-0.0264284856661666,-0.1729826297618015,-0.5162901527253394,0.599069092226183,False
5063,7.68066666666667,1.499999998976549,-0.2410502004085296,0.5321550613919828,-0.1614930450856551,-0.5152142257549055,0.5979018006129864,False
5068,7.6055,1.4999999943356168,-0.2412766801077749,-0.2790362747973973,-0.198161083733124,-0.5161312327451008,0.5744406383789991,False
5071,7.5875,1.4999999987070096,-0.2434376739056737,0.8914986108427787,-0.2225464048881579,-0.5163858707933203,0.6040458107546516,False
5072,7.63466666666667,1.5000000008983647,-0.2578191348134529,0.8132257397667105,-0.2469422710323565,-0.5171187063121582,0.6308556272532445,False
5073,7.61695833333333,1.4999999986416754,-0.2579040647007558,0.8310150441054381,-0.206955852708072,-0.5179183186120047,0.6654649848611375,False
5074,7.62477777777778,1.500000006920329,-0.2573756120688628,0.062517884629788,-0.3043117767593584,-0.5190876740444796,0.6901551861611503,False
5075,7.587125,1.499999998640489,-0.2605652011680217,0.1052122360073877,-0.3612320874089631,-0.5194350557435512,0.7434572567295024,False
5077,7.618,1.500000003975778,-0.2597253389495805,0.0020343418795411,-0.330388283102571,-0.5198144524136709,0.7468130467284,False
5081,7.57525,1.5000000005390342,-0.2606595677093624,-0.2363420419529337,-0.2974917995168338,-0.5200150141107781,0.7307770456009146,False
5139,7.495,1.4999999998104367,-0.2904605214803561,0.3613779230628942,-0.3345200606969029,-0.5200754120623449,0.7742390804829601,False
5158,7.442,1.499999998990824,-0.3031056380266133,0.8879407514471764,-0.2545076340681207,-0.5202854150525937,0.8476637657954391,False
5168,7.402,1.5000000035650434,-0.3064179036295014,0.5357128788764349,-0.2863050722875941,-0.5203008851386299,0.8810846036480205,False
5239,7.4925,1.499999998857813,-0.3380684416117083,-0.0975856092078196,-0.3501660635464541,-0.520291693996004,0.8987719136948561,False
5334,7.89233333333333,1.500000006560239,-0.3723423694446174,0.5143657118573275,-0.4636041180273197,-0.5201026698106255,0.9320078485049526,False
5349,7.959,1.4999999996456852,-0.3756263250851169,0.8345728921677128,-0.4321243161486026,-0.5200088898974803,0.9163645300011724,False
5350,7.94983333333333,1.5000000075055466,-0.3749657592953195,0.5641757000449893,-0.4220333200613495,-0.5198516089852757,0.8902723144309486,False
5353,8.005,1.4999999996135012,-0.3769852032811384,0.1870429366310489,-0.4127846748693322,-0.5192932761059545,0.8901222315051078,False
5360,8.012,1.5000000035167629,-0.3809957812901131,0.6175435877842935,-0.3637456416996139,-0.5187817363018813,0.9339613811460017,False
5366,8.00816666666667,1.4999999996251687,-0.3848176262164063,0.2155057917398284,-0.3100484000811777,-0.517735532848806,0.8805665728991178,False
5368,8.00544444444444,1.4999999995551072,-0.3842042436973478,-0.0442177614041376,-0.3666363823768424,-0.5161976421330197,0.8013183825031513,False
5385,8.033,1.5000000046471944,-0.3864596040367247,0.3578200251589745,-0.392981291013579,-0.5018115040794839,0.7743950635872721,False
5388,8.058,1.4999999968393256,-0.385732981667975,1.0302550467111755,-0.3877327137744856,-0.4732977066174179,0.7534240738921261,False
5392,8.064,1.4999999926288614,-0.3866577737735816,0.3898408392556546,-0.3692892418618807,-0.4727124938542953,0.6789219836084555,False
5397,8.089,1.4999999983623649,-0.3874693260294969,0.3186836524930336,-0.349403669829901,-0.4676358553770481,0.6662374356312067,False
5403,8.11,1.500000000457402,-0.3884790480224063,0.991118588552652,-0.3334385884283671,-0.4536395935998553,0.7021977415504989,False
5415,8.193,1.4999999958195631,-0.3899228561057306,0.745626503076958,-0.2938406549804815,-0.444988771249024,0.7229197616145419,False
5420,8.17883333333334,1.4999999993400115,-0.3932917416332584,0.1870429389176855,-0.2792181852885891,-0.4383586767928877,0.6819707643493214,False
5423,8.261,1.500000007057781,-0.3940089273478329,0.5712914176935295,-0.2934240185989685,-0.4396339851986743,0.7422160513508118,False
5428,8.267,1.5000000000795513,-0.3946223098668913,1.3504621386948743,-0.2680079271474931,-0.4531596150951805,0.8265058478963945,False
5450,8.366,1.4999999995132731,-0.4007561350573384,0.8167836088137351,-0.2499013522795683,-0.4435254700282167,0.8920674042557393,False
5456,8.412,1.500000005220096,-0.4004352888166149,0.5108078664541932,-0.2479801117231248,-0.43241789744765,0.968135408217074,False
5467,8.48,1.4999999960523815,-0.4020112100577064,1.18324290079276,-0.230673764018243,-0.4199200852548636,1.1342854070154118,False
5468,8.501,1.500000000784394,-0.4032096651334348,1.3219992770706892,-0.1982501107299968,-0.3853634359872169,1.3356628810400404,False
5469,8.47,1.5000000064547503,-0.4032379750958233,1.2615156583714038,-0.1946548118712936,-0.3326444614727173,1.506017287348988,False
5470,8.44483333333333,1.5000000054468634,-0.4021905064863501,0.4823450094133824,-0.1689448517811287,-0.1930240537279013,1.612678481969454,False
5471,8.492,1.50000000326792,-0.4017375470877221,0.9448664239365254,-0.169671795049365,-0.1167246330587762,1.6824485521743089,False
5485,8.532,1.5000000036124053,-0.4073995395711905,0.7242792936713146,-0.1638456668562592,-0.0054840436895319,1.6374155596066269,False
5561,8.62316666666667,1.5000000040555916,-0.3983497882518437,0.8986142773921519,-0.167833965372366,0.1652696958145038,1.544107085648065,False
5568,8.67345833333333,1.4999999950428242,-0.4041250205848662,0.4716715277273659,-0.1560320748944264,0.0038850836617757,1.4213036041127074,False
5569,8.667,1.4999999949096547,-0.403464454795206,0.4645558150421075,-0.1350169903884516,-0.1734935175355839,1.3311973106950978,False
5571,8.69616666666667,1.4999999981086731,-0.4042854437051593,0.0767493851897603,-0.1281067570216205,-0.2980867692556033,1.2201932733299408,False
5573,8.757,1.500000003424733,-0.4021244499073978,0.2724314701422924,-0.1091204205521894,-0.3851048191025449,1.0133383471046704,False
5600,8.899,1.5000000042347088,-0.4005862752827327,-0.1153749375799199,-0.1096859575186769,-0.4302797390492993,0.8354249274235271,False
5611,8.892,1.4999999997278544,-0.3994538767860939,0.4040722065436503,-0.1140343505359553,-0.4256047239776296,0.7621589445631115,False
5620,8.8955,1.4999999989237616,-0.3978873921990404,0.6958164793325259,-0.0840888303764147,-0.4373738755358074,0.768438575889835,False
5621,8.92966666666667,1.5000000020979536,-0.4010297980271855,0.4147457570821382,-0.0699598781692974,-0.4280766468751213,0.8368053870874599,False
5640,9.02725,1.4999999956404348,-0.3962454143788593,0.5677336591550947,-0.0693735074886185,-0.4534394639314096,0.9161358540414469,False
5646,9.055,1.5000000010591512,-0.3944807600548115,0.5499443280001586,-0.0417038298836956,-0.5116148953932628,1.0124609215433908,False
5648,9.028,1.499999991000935,-0.3933483615581727,0.599754411427427,-0.0487399902592867,-0.5127642480848649,1.0268000218521989,False
5716,9.034,1.4999999940349882,-0.3927727256556781,0.4538822517877758,-0.0346559467013634,-0.5149435810316759,1.0257646828665314,False
5788,8.938,1.4999999965650548,-0.3961982311081202,0.3933986627341126,-0.030758483154306,-0.5153043542319995,1.0900803897530162,False
5795,8.908,1.5000000005603986,-0.3988499309210735,0.71004789268784,-0.0352726630055656,-0.5161733948314817,1.1167353773510083,False
5811,8.772,1.4999999983654215,-0.4045119234045419,0.1123279520738855,0.0295692878047569,-0.5147520810680446,1.1698425916738513,False
5823,8.652,1.4999999958640629,-0.4036531878780249,0.2510843923289033,0.0448939321376106,-0.5150718905189663,1.177708006764242,False
5836,8.612,1.5000000001766558,-0.4040589640059139,0.4752293407159682,0.0386103653461677,-0.515275296056842,1.2334697080674106,False
6001,7.011,1.5000000054120024,-0.4550357696649313,0.0625178971415219,0.0418357590320029,-0.5153737081103287,1.2958083971496235,False
6003,6.998,1.499999998955262,-0.4554132358304317,0.9662136035876068,0.087026327946859,-0.5136025724812958,1.3635833705609437,False
6009,6.974,1.500000002209765,-0.4578101459817512,0.2902207648301191,0.0851626073394003,-0.5134401652488043,1.4492412204769165,False
6011,6.958,1.5000000062085108,-0.4594804337644581,0.7207214141374373,0.1078771973767054,-0.5110551824565917,1.553394005340742,False
6014,6.937,1.5000000014328951,-0.4605467756821446,0.8381307333369592,0.1104435607150507,-0.5098911201028402,1.6142621549537666,False
6018,6.921,1.5000000037728316,-0.4640572110218895,-0.6277063260050701,0.095038725169734,-0.5080852438149279,1.734113431244059,False
6020,6.884,1.49999999819048,-0.4646705935408107,0.1016543828282095,0.0930745885886323,-0.5047515559025972,1.713432027795299,False
6023,6.847,1.5000000007324668,-0.4666522909100658,0.6068700411553459,0.096765569691079,-0.4942073532263757,1.799507914962008,False
6025,6.823,1.4999999974015847,-0.4680111691060873,0.3933986556248304,0.0736580095511164,-0.4146865962730734,1.7768479363589211,False
6034,6.743,1.5000000040048789,-0.471219631513322,-0.8233884567525167,0.0735273262074929,-0.4049653849781842,1.7595654923865116,False
6044,6.635,1.5000000003850478,-0.4726917495590347,0.0803072232105021,0.042333864284475,-0.4143457518132583,1.7451844820538585,False
6047,6.619,1.5000000004141685,-0.4738996412888011,-0.8803141395322139,0.0186482008589251,-0.403271118539956,1.7798941287773304,False
6048,6.613,1.500000005836645,-0.4745790803868118,0.3008943049275522,-0.0007211105004244,-0.408056585171873,1.7579798362962817,False
6049,6.582,1.4999999966313362,-0.4760228884701361,-0.229226296593888,-0.0364669765583881,-0.4257979733606251,1.734706691108408,False
6051,6.607,1.499999998983082,-0.4775799364030144,-0.2612470277119983,-0.0381010511973504,-0.4324678055793906,1.6176585145464193,False
6053,6.598,1.5000000007807297,-0.4769665538840933,-0.4925077405392747,-0.0507451364044996,-0.4377548021835528,1.6073129513756974,False
6056,6.555,1.500000005391144,-0.479486140539142,-0.2114370829548446,-0.0661061365136309,-0.4381734208210472,1.5107363630143709,False
6057,6.539,1.5000000000709195,-0.4788916313284341,-0.2078791829991893,-0.0744213644745548,-0.4437493993171943,1.5019954885169484,False
6058,6.53,1.4999999943687088,-0.4806091023817428,0.0411708470777669,-0.0747028455707255,-0.4550736041589442,1.4801840303767482,False
6060,6.515,1.5000000036918415,-0.4822699535101372,0.3827250315063741,-0.0819307170954321,-0.4541928200079773,1.5008094254458129,False
6062,6.499,1.499999998906957,-0.4833740420443874,-0.1758584614383907,-0.0758235057049566,-0.4626534243351017,1.529013529563474,False
6064,6.508,1.4999999957350516,-0.4866108144141479,-0.3928877071578903,-0.0951995626303914,-0.4678496542359193,1.569283668048386,False
6067,6.478,1.4999999968498836,-0.4877998328355637,-0.0157548839439426,-0.1017484654076527,-0.4655936530878407,1.580680034082179,False
6074,6.472,1.5000000005775334,-0.4925464698674635,-0.2968256095260673,-0.1043852957257308,-0.4677685412354757,1.5817749202013054,False
6075,6.456,1.499999995275258,-0.490970548626372,-0.7273262530579278,-0.1139147000640441,-0.4692886974643384,1.5799574250839035,False
6087,6.45183333333333,1.500000001556285,-0.4921406937395745,-0.627706308676559,-0.124279508959397,-0.4680371319597742,1.579602394738596,False
6089,6.447,1.5000000050603457,-0.4920935104688355,-0.2327842216043283,-0.1217683334064737,-0.4660370654184469,1.542273204620082,False
6094,6.487,1.50000000229376,-0.489583360467962,-0.1687427751729072,-0.131543359697356,-0.4672828348582295,1.5445766866100659,False
6097,6.524,1.4999999952601186,-0.4902722362200107,-0.485391983034491,-0.1390446220503375,-0.4745971234427459,1.5021923204807068,False
6109,6.419,1.5000000026661848,-0.4954340860341121,0.2226214800434555,-0.1519545041206648,-0.4738632419581237,1.4381982094069836,False
6112,6.41,1.4999999991412931,-0.4966042311473146,0.0945386611287436,-0.1552938702615135,-0.4720766775280519,1.4077507646269452,False
6117,6.395,1.4999999936539747,-0.4989917046444587,-0.1011434236140569,-0.1629798611221667,-0.4717020305069168,1.3871416626469568,False
6118,6.388,1.5000000007924037,-0.4989350847196817,-0.3857720336909069,-0.170218735041302,-0.4750280561796348,1.4208226780907576,False
6119,6.404,1.500000001528286,-0.5015490379160713,0.1443486378662721,-0.1597153815976902,-0.4771479923007958,1.3947804552124357,False
6123,6.364,1.4999999989198654,-0.5032287623529534,-0.4604870136885691,-0.1614816756666796,-0.4825364300422697,1.359013276010035,False
6124,6.358,1.4999999986638424,-0.5048801768273099,-0.0442177540897146,-0.1612849236665516,-0.4804233697616057,1.377880767279595,False
6125,6.342,1.49999999710157,-0.5056067991959223,-0.5814541340753389,-0.1756017986030609,-0.4707903810744631,1.3719731651222615,False
6126,6.373,1.4999999990393027,-0.506427788106013,-0.2434577436414058,-0.1772472631245573,-0.4620442343348444,1.4091143436751112,False
6131,6.321,1.5000000011396435,-0.5068618741964277,0.0269393635100017,-0.1781870555760542,-0.4628552579765955,1.4240963327954417,False
6135,6.284,1.5000000018935598,-0.5082396257007997,-0.4782763217578137,-0.1872161733751439,-0.4606759805791465,1.4038287512629095,False
6136,6.274,1.5000000003991385,-0.5109668187468805,-0.012197056253268,-0.1935302629452615,-0.456338110451473,1.4325142099179846,False
6137,6.268,1.500000004758954,-0.5106648458145077,-0.681074187030652,-0.1921549972052719,-0.4479953477938689,1.4207407641982328,False
6138,6.244,1.500000001931048,-0.5121652738226089,-0.2221106256173146,-0.1928241157628697,-0.447312814901814,1.4555056625284042,False
6139,6.259,1.5000000006207697,-0.5107214657392847,-0.2541313271183446,-0.1885949254793131,-0.4353021723895492,1.5248918417630994,False
6145,6.253,1.4999999941019315,-0.5143640142369342,0.272431548620602,-0.1896698183279679,-0.4274499812740799,1.5947605088241497,False
6146,6.231,1.5000000036837216,-0.5135618986351942,-0.1082592193018911,-0.1835817491652395,-0.4090095064462954,1.6527698710928944,False
6148,6.222,1.499999997709365,-0.514213027770679,-0.2683627312279415,-0.1854049311164449,-0.4130722455371617,1.6246712862288517,False
6149,6.216,1.5000000029389822,-0.5160814852902429,-0.0620070736266022,-0.1949563520632775,-0.3971829576764162,1.666794009502362,False
6150,6.191,1.5000000013020467,-0.5164400781475301,-0.3039413291436132,-0.1986849302525211,-0.3670950810686824,1.672978654598479,False
6151,6.185,1.5000000014726311,-0.5159210621699498,-0.2363420494951904,-0.1974949817165282,-0.3833436820966411,1.7179894836831215,False
6153,6.237,1.499999995919236,-0.5171950104786684,-0.0121970193920165,-0.1956659140153495,-0.4192520312624513,1.7732181335096056,False
6154,6.207,1.5000000034715977,-0.5178650129225039,-0.5778963271926186,-0.1880977844015108,-0.4275239818570839,1.8406198183654097,False
6164,6.133,1.4999999997480968,-0.5177045898022108,-0.0193127646715199,-0.1930693987136666,-0.4391290585897586,1.8648581312201218,False
6168,6.117,1.5000000025225095,-0.5192805110434396,-0.7486734505976741,-0.1998927860852283,-0.4594297345964887,1.8436768319827266,False
6169,6.108,1.500000004242451,-0.5222624937512916,-0.3857720612191349,-0.2028575401775368,-0.4638068990713141,1.8571936566484295,False
6170,6.123,1.5000000022183342,-0.520545022697983,-0.5494334621961174,-0.2173214833998105,-0.4315878338988026,1.9542001968535179,False
6176,6.148,1.4999999954989842,-0.522036014051909,0.2902208214003162,-0.2177350082021878,-0.4299433875079788,1.9672205781849794,False
6182,6.087,1.499999995277255,-0.5234892587894086,-0.3857719896850554,-0.2178152106136968,-0.4547177666070024,2.05798654795273,False
6186,6.08,1.5000000026957947,-0.5270468773997552,-0.4035613333328268,-0.2143588224388086,-0.4652787939694398,2.0626920755793154,False
6197,6.071,1.499999996750897,-0.5299816768370055,-0.7771362612026965,-0.2149599959210356,-0.468937994584327,2.0921831104760247,False
6198,6.05,1.500000000865941,-0.5312461884916861,-0.1580691928671414,-0.2052902563780358,-0.4711220175946827,2.0538629350811815,False
6203,6.028,1.500000001986491,-0.5310763287172178,-0.4355820397513027,-0.2228298956735181,-0.4623191831663822,2.151901285660503,False
6204,6.034,1.4999999951516785,-0.5315764713865849,-0.1687427171263676,-0.2182019900034464,-0.4653687468895406,2.25440302144923,False
6212,6.019,1.4999999967218514,-0.5297551971377602,0.6104279327310863,-0.2266282524226636,-0.4573289205900775,2.3587110936369036,False
6219,6.065,1.4999999963107176,-0.5300288601077445,0.0020344050214313,-0.2214521385959083,-0.455452662242055,2.40587754720316,False
6254,5.976,1.500000000491151,-0.5420417208267302,-0.343077748502332,-0.2323334762476912,-0.4638565790365318,2.4782155655013445,False
6256,5.951,1.4999999982854686,-0.5424474969547565,-0.3395198739491987,-0.2377020137411899,-0.4653891402204391,2.4727148297699486,False
6258,5.96,1.499999996186067,-0.5416925646236181,-0.5316441301904974,-0.24351224486352,-0.463799276498173,2.506673141825384,False
6259,5.92466666666667,1.4999999996480895,-0.54218327063881,-0.5672227264849741,-0.2326931305139782,-0.4731096735687057,2.5407094844455265,False
6261,5.929,1.499999997212044,-0.5433722890602257,0.4716715091789827,-0.2334388521835446,-0.4718168290241998,2.6647124194953813,False
6272,5.883,1.5000000092070156,-0.5430042595489005,-0.0726806956139465,-0.2189924238776354,-0.473381220317194,2.684452538320076,False
6278,5.908,1.4999999980887588,-0.5431552460151556,0.4040722204852222,-0.219991091787594,-0.4672525266200177,2.705862653433154,False
6280,5.966,1.4999999996586026,-0.545108633421885,-0.2897098883379237,-0.2262828811555804,-0.4641728108827691,2.6836564135678977,False
6321,5.97133333333333,1.4999999973673412,-0.5541678213952698,0.1158858172881745,-0.2303161604353564,-0.4428289159479258,2.64148052213792,False
6326,5.93375,1.4999999964858863,-0.5548095138768541,0.1372329660655969,-0.2243802449539874,-0.4421344415251916,2.638301062281564,False
6327,5.98533333333333,1.500000005751388,-0.5547057106812007,0.3969564415370588,-0.2178883074961789,-0.4368040114083018,2.70491683076522,False
6331,5.89124074074074,1.4999999960087256,-0.5542527512825726,-0.1153748704871159,-0.2070522757046813,-0.4403335712789114,2.7656440209875206,False
6332,5.90375,1.500000003937185,-0.5538658484628969,0.1301171902318667,-0.2003462665896308,-0.4529492748310886,2.927457007426011,False
6333,5.82334722222222,1.500000001612282,-0.5550171202678862,-0.175858483428887,-0.1989338164054715,-0.4404929895324947,3.081170528265668,False
6334,5.872,1.5000000061082972,-0.5557626159448492,0.4111878660705524,-0.1949310653613193,-0.4170116145754926,3.515058950086406,False
6335,5.82461111111111,1.499999993988731,-0.5539507783501997,0.1265594161317621,-0.2041128367117121,-0.3435663181988509,3.9647851893074124,False
6336,5.8175,1.50000000400084,-0.5556493760951579,0.0127079123572708,-0.1995674339037874,-0.1150315122595848,4.379419327703542,False
6337,5.83161111111111,1.5000000035106422,-0.5568289578625356,0.3080100383348735,-0.1985021706578823,-0.0531892396078026,4.879695401158846,False
6338,5.801,1.5000000034379932,-0.5561212088021364,0.2546421855589865,-0.1999288171730427,0.5117744657244352,5.369201138819623,False
6339,5.71269212962963,1.50000000467159,-0.5567345913211948,0.3791671662851552,-0.1979837027220819,0.627863857079479,5.773601541235077,False
6340,5.73706944444445,1.5000000034796142,-0.5576688200809767,0.2261793301018132,-0.1966348919911041,0.5867464819617746,6.2913284660977515,False
6341,5.73033333333333,1.4999999994591342,-0.5585936121865834,-0.1936477504145151,-0.1975725302001754,0.7002808461294696,6.622045102460049,False
6342,5.67216666666667,1.4999999992949642,-0.5527806332369971,0.1407907995609088,-0.1961991092947234,0.7590361081065553,6.9090223924855145,False
6343,5.66929166666667,1.4999999964149875,-0.5533468324853165,-0.2363420086359687,-0.1961891055443194,0.6532880793919655,6.802523144357292,False
6345,5.66916666666667,1.5000000045253277,-0.5531675360565356,0.1016543302233949,-0.1951406881794174,0.8934212909772107,6.555718189731266,False
6346,5.6715,1.500000001372667,-0.5551869800423544,-0.1900899090441498,-0.1927695622974443,0.7538810386787048,6.440516920429366,False
6347,5.62997222222222,1.500000003547033,-0.5535544388762114,-1.026186296008946,-0.1874454731572583,0.6419251116213982,6.772958748986435,False
6348,5.58708333333333,1.5000000054960525,-0.5537526086132055,-0.6668427652453353,-0.1799974524885017,0.4821072975501312,6.995889901651734,False
6349,5.58232291666667,1.4999999964389183,-0.5531109161317586,-0.1687427275836142,-0.1752444046821918,0.332209674126446,7.306501059518177,False
6350,5.5616875,1.499999993558239,-0.5530731695151948,-0.6668426722293965,-0.1701972479525218,0.3935934434145338,6.917765221190044,False
6351,5.51438657407407,1.499999994088144,-0.5557343059824607,-0.3181726988454083,-0.168144206501736,1.3621640747196675,6.684188025589007,False
6352,5.50173292824074,1.5000000056746268,-0.5522521806051042,-0.2221106559219985,-0.1691934614859392,1.100445280986981,6.3246059052788395,False
6353,5.449,1.5000000058003589,-0.5536299321093389,-0.4996234939805528,-0.1693720529444286,1.0464331425720677,6.01777512916355,False
6354,5.49459837962963,1.5000000016326172,-0.554573597523296,0.0909807835694272,-0.1597090507094059,0.1017123815902455,5.82357172334802,False
6357,5.403,1.499999997153029,-0.5524880969586622,-0.3181727234385108,-0.155802728985438,0.2197439190566497,5.5340968795333625,False
6360,5.39588888888889,1.500000005650647,-0.5518275311688646,-0.4747184946047994,-0.1567198175435855,-0.0025841916924615,4.768611013803961,False
6366,5.341,1.4999999936490878,-0.5515821781612688,-0.4533712580651837,-0.1598331051460016,-0.0922761021773237,4.050550343477116,False
6367,5.357,1.4999999944174525,-0.5534978189514344,-0.1865319957144567,-0.1584626549398256,-0.0828092343649435,3.3363235216483362,False
6368,5.26566666666667,1.4999999946704612,-0.5527900698910351,-0.118932716467345,-0.1716685527402046,-0.1077333422108698,3.22878464829005,False
6370,5.32,1.50000000555707,-0.5527617599286466,-0.3715406441617084,-0.1773565439229714,-0.0800570939336563,2.986585570472216,False
6372,5.24433333333333,1.4999999985658936,-0.5522049973345025,-0.1118170344357021,-0.173871689819832,-0.1446682942844891,2.7909446276632695,False
6374,5.30138888888889,1.5000000003862877,-0.547241317257258,-0.5102970218761569,-0.1674326220399992,-0.1256128484766613,2.6429898396061398,False
6375,5.26733333333333,1.5000000063332533,-0.5477603332349756,0.5748492808347031,-0.1691973004663075,-0.0978108227312147,2.504397342958449,False
6376,5.251,1.5000000010131458,-0.5473639937611245,0.2332950645832177,-0.1649223428580367,-0.1428173050865631,2.3854247962351036,False
6377,5.2405,1.5000000002472995,-0.5478830097388422,0.1158857933455636,-0.1627851762601529,-0.2658993285939267,2.1342396596782174,False
6378,5.27566666666667,1.5000000016215769,-0.546439201655518,0.4965764697078818,-0.1628875708250854,-0.3202424025375004,1.9764026815336107,False
6379,5.212125,1.499999996680932,-0.5483642790998587,0.226179387122734,-0.1667074273548904,-0.2958158720757956,1.7728170520193143,False
6382,5.23333333333333,1.4999999960081298,-0.5479207563552687,0.0945386871576756,-0.1713240657057253,-0.2890741302744321,1.5265255342683537,False
6383,5.20133333333333,1.4999999998189448,-0.5474677969566406,0.1158857969325909,-0.1695752138291915,-0.4480580651764347,1.3250344671080656,False
6388,5.126,1.500000001665977,-0.5459673689485394,0.688700741682953,-0.1466889119022441,-0.4779508852812562,1.2095994191335517,False
6390,5.141,1.5000000004902134,-0.5446556740231197,-0.4604870261402943,-0.150410209654946,-0.4929730349046495,1.1268600515261091,False
6394,5.147,1.5000000065900665,-0.543966798271071,-0.2363420908374483,-0.1364125075369762,-0.4830328552103392,1.0415339062045794,False
6408,5.095,1.5000000075682631,-0.5402015732695549,0.1656957288298659,-0.1502473601411575,-0.4866007361842085,0.9608617883757871,False
6413,5.064,1.499999999504832,-0.5399279102995704,0.439650777477253,-0.1815025138785975,-0.4899370668467048,0.9680907240895171,False
6415,5.058,1.4999999980564367,-0.5420417208267302,0.5961964935779233,-0.2282720903428517,-0.4908578672902239,0.9633559545852877,False
6416,5.02816666666667,1.5000000033515768,-0.5409470689466551,0.3898407481796084,-0.2664043651448845,-0.4949110657478331,1.051993665651019,False
6554,4.68233333333333,1.5000000028703164,-0.5205827693145467,0.6602378760918687,-0.3081741580120555,-0.4990713390513487,1.1423760918366064,False
6571,4.68283333333333,1.4999999971203168,-0.5180065627345837,0.5784072171394132,-0.2829408548936591,-0.5074614227731118,1.2191575806874144,False
6583,4.6375,1.5000000019255533,-0.5221870005181641,0.6531221704724762,-0.3252079845619474,-0.5094754614723667,1.3176062690855543,False
6608,4.63366666666667,1.499999999184708,-0.5205167127355944,1.5247971350218217,-0.4044905466209058,-0.5119424767781716,1.3850987517792843,False
6636,4.5,1.4999999959307837,-0.5187803683739353,0.8061100695551097,-0.485065313198887,-0.5122587436887287,1.4557696989542828,False
6661,4.55466666666667,1.4999999989448982,-0.5175819132983441,0.147906516307701,-0.5469462764640995,-0.5118640745677094,1.600238051584743,False
6671,4.5915,1.5000000012489527,-0.5172799403659712,0.1621379246914594,-0.6227669886635151,-0.5089321621211843,1.688082532872741,False
6707,4.48383333333333,1.5000000022172448,-0.5025870698715066,-0.0548913539227287,-0.6336465376940441,-0.5076480498216427,1.7574561902838108,False
6746,4.365,1.499999999776792,-0.4938204181763194,-0.1296063288079336,-0.6281033877524312,-0.5060522685248816,1.7328332265078263,False
6899,4.06966666666667,1.5000000024506392,-0.4572816933499956,0.8950564346913135,-0.6041279166590331,-0.5053689611366439,1.703730218647803,False
6951,4.084,1.5000000042375077,-0.4630757989913686,-0.0869120824839431,-0.574576159648913,-0.5041728706253138,1.72739322516775,False
7063,4.0105,1.4999999984176695,-0.4458444685335047,-0.200763455804384,-0.5492636773193027,-0.5026372069862751,1.664363607650017,False
7091,3.93575,1.4999999941975537,-0.4483829284969039,-0.4604869762440514,-0.4668958143531197,-0.505752873206578,1.573172767992408,False
7096,3.908,1.5000000012776609,-0.4486754647752389,-0.4782763168555952,-0.4063153869590289,-0.5060852297273525,1.4577916217561593,False
7105,3.90375,1.499999997240652,-0.447788419286196,-1.3748562251364258,-0.3548605966959145,-0.5048876951318061,1.304726986093296,False
7120,3.8975,1.5000000014498596,-0.453582524927569,-0.7130948733596701,-0.3010444967912952,-0.5043157637797674,1.2208012013959573,False
7159,3.6375,1.4999999991023276,-0.4580743722976976,-0.3786563064274661,-0.2591458706315685,-0.5046481061044333,1.1109762349615577,False
7182,3.5785,1.5000000004180707,-0.472304846739359,-0.2932677513582813,-0.2396682947802286,-0.5069888596432238,1.0289460188150956,False
7213,3.447,1.499999997545462,-0.4621887535023257,-0.6917477015979073,-0.2321691218907682,-0.5123455133665655,0.965802812768255,False
7237,3.21975,1.4999999961794463,-0.4665296144061992,-0.6988634047949233,-0.2281078046227171,-0.513762662457532,0.8404171013142332,False
7247,3.122,1.4999999996654394,-0.4685018751212791,-0.2683627469887393,-0.2412996740162806,-0.5154638305096184,0.787426549946212,False
7263,2.988,1.4999999933932864,-0.4728332993711146,-0.2576891257179695,-0.2734507463579261,-0.515789007953374,0.7550848827741201,False
7378,2.672,1.4999999983709729,-0.5037477783305339,-0.6846319942346933,-0.2593836835503941,-0.5159557773223421,0.7863611272588731,False
7394,2.64775,1.5000000033032526,-0.5068430008882145,-0.5423177569502668,-0.2056365797205699,-0.5170844902420823,0.7633287232969789,False
7396,2.59554166666667,1.5000000089990948,-0.5075979332193528,-0.8198306382532647,-0.1918028861309738,-0.5171605161887262,0.7274705016311739,False
7416,2.5915,1.499999998044304,-0.5148264102897375,-0.4711605774466794,-0.2027925314606832,-0.5171116123309515,0.7235931822904854,False
7433,2.59483333333333,1.500000002159224,-0.5177423364187745,-0.9870498596983698,-0.237933346247975,-0.5176117055465796,0.7336659291227606,False
7465,2.827,1.5000000087047596,-0.5237157384887912,-0.4925078032019492,-0.2439107769334515,-0.5173023340876773,0.7395536384167314,False
7487,2.782,1.5000000006469298,-0.5312744984540747,-0.1047013376238099,-0.2368354550320077,-0.5172041260126189,0.7681393226468715,False
7503,2.781,1.50000000159793,-0.53150097815332,-0.097585631597897,-0.278740077109456,-0.5152766292640215,0.7888088452155665,False
7510,2.70633333333333,1.499999995901604,-0.5304346362357709,-0.5992434092183073,-0.2864975173236602,-0.5130337919199937,0.8302858222776055,False
7527,2.691,1.5000000005757868,-0.5316047813489734,-0.6277063010112229,-0.2622360715938132,-0.5130541234110081,0.818463901961842,False
7595,2.74883333333333,1.499999998188409,-0.5333128157481068,-0.5387598597810308,-0.2599205481247428,-0.5123097978066163,0.86486519199143,False
7603,2.79475,1.500000006457357,-0.5351812732676706,-0.5529913524546661,-0.2654736614655295,-0.5112328099746948,0.9108559530519735,False
7607,2.79925,1.5000000006308083,-0.5354266262752666,-0.5245284514264211,-0.2841144732303259,-0.5093593455002717,0.9697461583759038,False
7643,2.78133333333333,1.499999998734766,-0.5343885943199685,-0.4533712984150573,-0.2645322285299332,-0.5089704424081899,0.9667215739818078,False
7744,2.85083333333333,1.4999999978226537,-0.5697383007247394,-0.7379998435319146,-0.2582061137788359,-0.5061389103993158,0.9695649140518579,False
7818,2.85575,1.4999999945926434,-0.557281917261301,0.2368529753625633,-0.2659978023750227,-0.5048593538977281,0.9444751351242231,False
7862,2.90916666666667,1.5000000022702178,-0.5592069947056418,-0.9514712915943276,-0.282099023113058,-0.4999599808357532,0.9215429328210009,False
7868,2.88816666666667,1.499999995626495,-0.5573668471484665,-0.4142348477538811,-0.2727872508172188,-0.4968534988050169,0.922091607519605,False
7882,2.792,1.500000004202436,-0.5569327610580517,-0.570780619150563,-0.2677191382238043,-0.4871323069474742,1.2418783365096218,False
7898,2.76966666666667,1.4999999990833577,-0.5581783994045191,-0.2576891716054089,-0.258986889227968,-0.4705480452404406,3.7579451409811355,False
7917,2.8165,1.4999999974266467,-0.5598486871870888,-0.1118170251374822,-0.2559673188924224,-0.4445794067213584,6.304371140751785,False
7920,2.82575,1.500000002652918,-0.5597637572997859,-0.0513335006144372,-0.2372097391156789,-0.4003648294319112,8.447298023578526,False
7922,2.84016666666667,1.4999999987926502,-0.5567157180128443,0.0945386640481204,-0.225546403893024,0.0223863243237837,10.392043926270004,False
7923,2.84025,1.4999999979648238,-0.5579991029758755,-0.5031812889725337,-0.2318985032037483,3.087230809708598,12.275798558857367,False
7927,2.8945,1.50000000789624,-0.5592919245928073,0.1977164380099448,-0.2313741992623137,3.127500495635141,14.350589103287682,False
7931,2.89425,1.5000000032514336,-0.5588106552317907,-0.0904699313246424,-0.2165209028545931,2.678812682472437,16.753655926933252,False
7944,2.9065,1.4999999954243046,-0.5564986749677742,0.418303670817046,-0.2077844335069862,2.3132724773493933,19.722674375542542,False
7947,2.89566666666667,1.4999999988595665,-0.559461784367413,0.5819650590334864,-0.2003235454699906,2.214671088804177,22.52822458799517,False
7972,2.92816666666667,1.500000000319862,-0.5577065666975405,0.6388907568258361,-0.1942642321135625,2.436582397146016,22.86417711049352,False
7987,2.87466666666667,1.4999999968409723,-0.5570931841784821,-0.6028012734743757,-0.1833679112007185,2.9303238146830672,20.67863288350886,False
8001,2.86616666666667,1.5000000008064895,-0.5578481165096204,-0.545875594173996,-0.1768348999701903,3.7657623176176585,18.702403165855095,False
8002,2.87816666666667,1.5000000006957035,-0.5585653022241949,-0.0335442000829581,-0.1690003123133584,3.982874635040858,16.867556221484023,False
8003,2.85645833333333,1.500000000995184,-0.5577726232764928,0.1158857871538991,-0.1635074711751399,3.635230457474521,15.017588843561072,False
8004,2.87333333333333,1.4999999935723436,-0.5578858631261842,-0.510296968098662,-0.1672973050254504,0.1070884994400498,12.952653890249245,False
8014,2.82266666666667,1.5000000039603685,-0.5565836048549397,0.1016543349407268,-0.1744681975100558,-0.1175375238928928,10.580061433464433,False
8015,2.84983333333333,1.50000000483771,-0.5573196638778648,0.2653157444711516,-0.1651204322132223,-0.2729628276567393,7.610283047829676,False
8023,2.861,1.500000001707661,-0.5571969873739981,-0.6063591685107603,-0.1517825924876807,-0.3885738065360132,4.50281343366407,False
8024,2.8625,1.5000000068120591,-0.5566402247798541,-0.3964456523864394,-0.1329504308729922,-0.4609887898973221,1.6382144801933882,False
8025,2.823,1.4999999979493748,-0.5568855777873126,0.0874229572112924,-0.1245311209198564,-0.4867997282510488,1.2621722565886149,False
8074,3.03633333333333,1.500000000644259,-0.5572064240281734,-0.1972056169338423,-0.1017986441724007,-0.4842106867492747,1.0847530409387953,False
8075,3.03983333333333,1.4999999985246468,-0.558244455983334,-0.2327841687888341,-0.1011369054002442,-0.4896278982110608,1.0124908788252596,False
8104,3.02133333333333,1.5000000021728244,-0.5483642790998587,-0.3430777619684186,-0.1023355294786825,-0.4992131234681853,1.0282447219351103,False
8132,2.94725,1.499999993195089,-0.5493268178220292,-0.1296062751679489,-0.1374386930402052,-0.5039921757773798,1.072206967702357,False
8133,2.88733333333333,1.5000000029810725,-0.5475621634981188,0.1941586222346814,-0.119309114431886,-0.5064203953449383,1.132664691145562,False
8139,2.953,1.5000000023254452,-0.5436459520303475,0.1052122053986318,-0.0854833344110542,-0.507588540409437,1.1463622364487394,False
8158,2.9485,1.500000002492452,-0.5361343753356658,0.382725041690892,-0.0873812763505784,-0.5104764446455172,1.0964491865248363,False
8192,3.097,1.5000000003830103,-0.5314726681909315,0.0482865111493908,-0.0993689766060256,-0.5106285514489995,1.0364399285083683,False
8206,3.08516666666667,1.500000005144501,-0.5267260311590317,1.0480442570287798,-0.1225338693583624,-0.5104035925319834,1.0085633048904086,False
8218,2.99633333333333,1.4999999968272877,-0.52609377533176,0.4325350864742784,-0.151288315508551,-0.5098721440385601,0.9562403877148186,False
8270,2.944,1.500000004177411,-0.511287664987604,-0.1331642215753238,-0.1674573155615413,-0.5098989566642985,0.8902161298422572,False
8287,3.045,1.499999997479136,-0.5062484916773693,-0.5174127127587327,-0.203901082658714,-0.5098290043831557,0.7988643831784413,False
8313,3.08683333333333,1.500000001852338,-0.5038704548344004,0.3008943385426098,-0.2174922859302826,-0.5086626716074812,0.7087675758317692,False
8324,3.08783333333333,1.4999999980153584,-0.5001712864118366,0.4716715023100692,-0.2099738384708805,-0.5065496410163712,0.60384853131592,False
8365,2.85633333333333,1.4999999937348014,-0.4910743518218881,0.2226215549302727,-0.2213146044945626,-0.5034044654946508,0.5603527179740575,False
8480,2.8695,1.4999999995864748,-0.5030777758866983,0.4859029164535438,-0.2073327671529657,-0.4929054849402826,0.5509473461759294,False
8490,2.82875,1.5000000066117434,-0.4954623959965006,-0.2505735185494532,-0.1997034809306295,-0.4843942861751362,0.5470723315157557,False
8514,2.84833333333333,1.5000000077632467,-0.4909328020098082,-0.3857720893118729,-0.1746373144135944,-0.4889160319649401,0.5483082577619377,False
8566,2.92266666666667,1.5000000010450834,-0.4870260271962122,0.1621379263667333,-0.162867674039957,-0.4843843953002068,0.5277987569557511,False
8612,2.7895,1.4999999986164012,-0.4897720935506436,-0.1972056004984642,-0.1714549332661053,-0.4898590998043198,0.5494613571538524,False
8639,2.8135,1.5000000010408086,-0.4980480392306389,0.1336750712488197,-0.1843936507884684,-0.4943741086803292,0.5509577946757478,False
8641,2.79608333333333,1.5000000043981112,-0.4952547896054684,0.2973364601618531,-0.1768637229763569,-0.4954117572410945,0.5767871494097554,False
8643,2.85,1.5000000009860817,-0.4957266223123097,0.0767493613434263,-0.179229603444416,-0.4971353975593232,0.5741647162832205,False
8750,2.84183333333333,1.500000001173642,-0.5130617559656897,-0.8660827177532511,-0.1868017669064942,-0.4967665214256848,0.5913039325468584,False
8788,2.9815,1.4999999914251494,-0.5152038764553752,-0.3715405312678044,-0.1944914409113667,-0.498428640505518,0.637212684732494,False
8789,2.957,1.5000000013831805,-0.5172138837870189,-0.2683627608291948,-0.1922382130379289,-0.4997744771998758,0.6399406670668399,False
8811,2.95066666666667,1.5000000075889577,-0.5155058493877482,-0.1651849612950468,-0.1767935536128058,-0.4991577976110972,0.6293989999213617,False
8880,3.18766666666667,1.5000000032834686,-0.5264712414973979,0.2119479041784398,-0.1768815404682409,-0.4925125694687448,0.6376585161281769,False
8957,2.7245,1.500000006162413,-0.5249236302185575,0.3756092967571492,-0.1779164073119235,-0.4881717284183897,0.6171812599760541,False
8960,2.686875,1.5000000024759246,-0.5256313792789568,-0.2825941972358329,-0.193168843752956,-0.4745915981904404,0.6419164078507467,False
8961,2.71275,1.499999995496409,-0.5228947495787006,0.1941586848491854,-0.2104767656646084,-0.4584726805511434,0.6457663587492184,False
8962,2.7,1.4999999986402608,-0.5224512268341106,-0.0371020400899308,-0.2127453842587514,-0.4182147194798172,0.6759224433614048,False
8963,2.61716666666667,1.499999994494936,-0.5246122206320093,0.0874229858643077,-0.193408038755929,-0.4428183104625398,0.6446264503524236,False
8973,2.65733333333333,1.5000000032003369,-0.5279622328513239,0.3542621805414554,-0.1881658584476211,-0.4731960291113197,0.6641331426789501,False
8990,2.693,1.5000000076203006,-0.5272544837909247,-0.3537513762477834,-0.1972011576503768,-0.4831454151850806,0.6655123634166608,False
9014,2.57333333333333,1.5000000016726662,-0.529906183603878,-0.8198305819151198,-0.2153088738760785,-0.4853274953326054,0.6656418379940766,False
9049,2.6015,1.4999999936033308,-0.5318406977023941,-0.1189327077627815,-0.228534203592155,-0.4875338469047138,0.6707070128786604,False
9101,2.46583333333333,1.5000000028058602,-0.5289247715734943,0.8737092901941744,-0.2194528906577202,-0.4929553972877999,0.6358378730635024,False
9171,2.56383333333333,1.499999996069366,-0.5272544837909247,-0.0620070173305795,-0.2226928782993918,-0.4927101307314443,0.576899370370876,False
9317,2.55125,1.5000000019623176,-0.5080414559638056,0.3222414789862138,-0.2211052119697748,-0.4949291579485981,0.5601257979655863,False
9327,2.61075,1.5000000002751446,-0.5090134313401512,0.4609979122765864,-0.2135155172763965,-0.4970269823769582,0.5190318540512879,False
9416,2.41633333333333,1.500000001108632,-0.4972647969369748,0.2155057793084996,-0.2149083539167978,-0.4988957076066452,0.5115783473039293,False
9428,2.46916666666667,1.4999999999090128,-0.4979819826516866,-0.3181727455788414,-0.2095251463832809,-0.4996774734588551,0.43100368623828905,False
9429,2.4735,1.4999999997164497,-0.4973874734408414,-0.6205905804919479,-0.2188777203480128,-0.5001604965046366,0.4132903218276349,False
9433,2.46766666666667,1.4999999925849254,-0.4970288805835541,-0.4071191097076635,-0.2631507419296291,-0.4982474935266892,0.40198838675853055,False
9446,2.46116666666667,1.500000005750478,-0.4888473014450369,0.0874228925305341,-0.2653166601851901,-0.4953056361552485,0.3643330109092598,False
9479,2.3535,1.500000005595856,-0.5050500366017783,-0.0869120935929611,-0.2360409707150869,-0.4945065495109719,0.3594795751220004,False
9488,2.33183333333333,1.4999999973415663,-0.4844875672328129,0.1016543899035082,-0.2410182489824329,-0.4804002543205092,0.37731943820203,False
9511,2.279,1.4999999966574833,-0.4821944602770096,0.2546422425820426,-0.2311023558257199,-0.4775229302050877,0.40244894230933925,False
9578,2.2105,1.5000000016143291,-0.4770043005005197,-0.2292263368477834,-0.2176763508483594,-0.4700824672280492,0.4358277564163369,False
9584,2.19375,1.5000000005337757,-0.4782027555762481,-0.2327841850247571,-0.208671029249358,-0.4672920227036108,0.47783944763866515,False
9608,2.05566666666667,1.499999993693688,-0.4763342980566843,-0.0264284287393447,-0.2129910929354344,-0.4632123143637236,0.5855930911678411,False
9611,2.05,1.500000001777728,-0.4761172550114769,-0.4782763208148394,-0.2210852556837746,-0.4172543654741156,0.6669924067318403,False
9614,2.05908333333333,1.4999999999142737,-0.477353456703769,0.0731915133388044,-0.2187883161507252,-0.3944084674848807,0.7130728219925371,False
9683,2.158,1.5000000008990992,-0.4966325411097031,0.3115679172653229,-0.2012980432446698,-0.3789391560284085,0.7714253423769634,False
9718,2.10025,1.5000000016536963,-0.4864881379102813,-0.9016612903897312,-0.1910011343657209,-0.296778046367999,0.820045810330077,False
9723,2.1135,1.5000000026969855,-0.4866296877223612,0.0838650609514312,-0.1919510057963598,-0.301716107182918,0.9357975795316081,False
9735,2.081,1.5000000007181638,-0.4903477294531382,0.3898407705535152,-0.1898140354809045,-0.3046073787221143,1.0364170980437153,False
9755,2.06775,1.5000000018116733,-0.4900457565207654,0.1834850613436656,-0.1956908902582863,-0.2847745655681197,1.261556592135489,False
9756,2.02766666666667,1.4999999997030768,-0.4907251956187761,-0.1367220420083821,-0.201397044906856,-0.2496639254309043,1.4840520625773348,False
9770,2.0155,1.4999999985768342,-0.4904326593404411,-1.6345797888173397,-0.2007888897728165,-0.1839102398407361,1.6647966218549974,False
9771,2.032,1.499999996096905,-0.4919330873485424,-0.9265662463139096,-0.183031245657034,0.0001493472798494,2.0088793414096546,False
9777,1.98013888888889,1.499999995920814,-0.4910177318969737,-1.0226283814921229,-0.1746264568463676,0.6071363956344854,2.3452412727339915,False
9779,2.03116666666667,1.4999999978156928,-0.492112383777186,-1.0724383924781813,-0.156417867817646,0.5964217963456597,2.6128245872529603,False
9786,2.03033333333333,1.5000000002903997,-0.4922161869727021,0.0198236567473147,-0.1444121987518039,0.7551525562671608,2.8560883142030673,False
9819,2.11933333333333,1.500000005880897,-0.4916499877242454,-0.6348220562574073,-0.1358443858664846,1.322643567500144,2.9697439660745735,False
9829,2.1075,1.5000000005891228,-0.4931975990030857,-0.0015234871080235,-0.1295494085276682,1.1976794384354386,3.0910786920183715,False
9830,2.10433333333333,1.5000000006380552,-0.491716044303335,0.1016543625293426,-0.1260524389970192,0.9009810621050408,3.0493073155823627,False
9832,2.09916666666667,1.4999999977341945,-0.4927635129128082,-0.7059791307123151,-0.1280233966357274,0.7135643403433519,2.9427097136072997,False
9842,2.13908333333333,1.5000000030432057,-0.4948207035150536,-0.0228706486741247,-0.1220970437920695,0.5389512683777454,2.7857195563851977,False
9846,2.1295,1.5000000006882808,-0.4959342287034792,-0.2292263293880006,-0.118843068642744,0.6713597652136117,2.478411839071188,False
9852,2.12125,1.5000000036237249,-0.4960474685531705,-0.0584492223596585,-0.1158678504482387,0.473065065838418,2.1858608217129527,False
9857,2.09625,1.5000000080715756,-0.4948961967481812,-0.3715406642490236,-0.1143602468579565,0.1761137632039388,1.970095400856467,False
9860,2.15025,1.4999999991758812,-0.4918859040779407,-0.2185527464440791,-0.1122120969314186,0.005641030240574,1.8274485122632294,False
9884,2.188,1.4999999994565645,-0.4936977416724528,-0.3537513109343512,-0.1196181216310365,-0.1018385204154447,1.760219808297798,False
9912,2.11183333333333,1.500000000120954,-0.4889322313322025,-0.2719206075715429,-0.1220390789787393,-0.120951903725257,1.641038526694382,False
9935,2.12183333333333,1.5000000021205746,-0.4965664845307508,-0.6526113113392255,-0.116125525649291,-0.2572516334706757,1.5763340369436574,False
9940,2.12266666666667,1.5000000010209582,-0.4944243640412026,-1.1329219838560909,-0.0782330667962301,-0.1969002424534166,1.560889986759781,False
9946,2.17325,1.5000000036413257,-0.4935750651687235,-0.9692605864867,-0.042988494839377,-0.0994987284268099,1.599021158854481,False
9956,2.1985,1.5000000014739088,-0.4895173038888724,-0.3003834736408287,-0.0077170512444046,-0.1371932014825926,1.6566397908256192,False
9977,2.22166666666667,1.500000000565409,-0.4855539091504994,-0.8482934286150039,0.0206550382277987,-0.1496842034317279,1.7173176885458392,False
10011,2.166,1.5000000033744596,-0.4982745189298843,-0.5067391886179051,0.0546747985324299,-0.2792658106197319,1.8476175188320652,False
10072,2.07266666666667,1.4999999966852944,-0.5020397439314004,-0.0121970256952492,0.062739694187426,-0.2912323972675717,2.0206862423653487,False
10080,2.09183333333333,1.4999999985121588,-0.4997277636673838,-0.8055991300238776,0.0638278213785463,-0.2760701832350466,2.1764433627132274,False
10091,2.1115,1.4999999940777111,-0.4966702877262669,-0.6063591087268857,0.1066794634854312,-0.3687306369880805,2.3855665388055933,False
10094,2.17616666666667,1.5000000057483696,-0.4967457809593945,-0.770020616874253,0.22381955218596,-0.2159778858043238,2.5080999537636917,False
10147,2.15383333333333,1.5000000091061376,-0.4949245067105697,-1.4139927376624724,0.3295001166523709,-0.0986166631921835,2.696132452530671,False
10164,2.1955,1.4999999935097323,-0.4951132397933886,-1.3143726302801206,0.4287372585818547,-0.2160204555834809,2.8994819676945047,False
10166,2.20575,1.5000000081572331,-0.4960474685531705,-1.4317820151313652,0.49470151346583,-0.2631208466812585,2.9621372625940605,False
10194,2.27433333333333,1.5000000043016744,-0.4797503668549511,-0.7806941763576922,0.5716240521689028,-0.2797669472445043,3.175590981978731,False
10196,2.30116666666667,1.5000000039238766,-0.480684595614733,-1.90141909376017,0.6038454166386776,-0.2878120181550214,3.3405801343394113,False
10206,2.329,1.499999998229472,-0.4842516508793923,-2.107774754489849,0.6102160043384957,-0.2923297678531105,3.3570484542491283,False
10286,2.24566666666667,1.4999999980071494,-0.4584707117715487,0.041170816984841,0.5760682328228425,-0.2862659749070643,3.3345233397990524,False
10332,2.2535,1.499999999097244,-0.4651329895937513,3.5207548574763448,0.5348359296749622,-0.2765636302473732,3.2879260137243653,False
10333,2.23283333333333,1.4999999973553184,-0.4658501753081885,3.99039198744939,0.4866790376440104,-0.2605641666061327,3.257865061253767,False
10354,2.31831944444444,1.500000001461573,-0.4412771279302485,1.8699092328439888,0.4317945925417811,-0.2440979217725195,3.11085688012179,False
10363,2.389,1.5000000006132364,-0.4426171328179193,1.4002721303970909,0.3712362115401923,-0.2194281446603923,2.942740918681425,False
10365,2.38275,1.500000004587014,-0.4458255952251541,1.9339506271823397,0.2981263123450501,-0.1718578397797772,2.9108681584168163,False
10368,2.42529166666667,1.50000000049142,-0.4457029187214248,1.389598560804967,0.2633100210992627,-0.1607127637523874,2.7147870838794748,False
10374,2.44008333333333,1.5000000056235752,-0.4432588252995036,0.7598578449754334,0.1997218988647067,-0.1721314858264022,2.519460673444871,False
10453,2.58,1.4999999996621902,-0.4626134029385653,0.8488043195995163,0.0897250064634394,-0.2001617214357484,2.3392812682144224,False
10512,2.92475,1.4999999995417546,-0.4717763941074661,0.2119479355249013,0.0447408837458579,-0.2208795617654887,2.204439236824508,False
10522,2.9025,1.5000000064355985,-0.4723803399724866,-0.4142349337955523,0.0145652824820526,-0.2752513863906731,2.063106178829206,False
10540,2.9145,1.499999997724358,-0.4758058454249287,-0.9514712570369118,0.0051515908902251,-0.3593512298828712,1.8872330294400252,False
10625,3.21527777777778,1.5000000019738635,-0.4656236956089431,0.5535021770132618,-0.0609165607404363,-0.3727325702499285,1.682241434788134,False
10626,3.20883333333333,1.5000000057316318,-0.4658313020001126,1.1156435326096867,-0.0982974340500679,-0.3782103067340462,1.463786287830097,False
10637,3.16633333333333,1.4999999993688795,-0.4670486303839168,0.8061100393644849,-0.1269704256537885,-0.4000593434640644,1.2665282064402406,False
10844,3.226,1.5000000011998538,-0.4590274743656928,0.1443486406029331,-0.1927879756534899,-0.4207670845648304,1.0757984392062192,False
10965,3.29633333333333,1.4999999979944814,-0.4446460134577762,-0.1900898816486115,-0.2559193764423888,-0.4384769783313459,0.8739676732376804,False
10996,3.16933333333333,1.500000008315053,-0.4415696642084461,-0.2327842479058776,-0.281033534717688,-0.4475881963333703,0.760381340471808,False
11045,3.21416666666667,1.5000000001410985,-0.4387292313126739,-0.7486734321723323,-0.2656930871277335,-0.4590253893283531,0.6261075201724551,False
11048,3.2325,1.5000000055149287,-0.4383045818764344,-0.5885699138823414,-0.2559660303703487,-0.4694891373674733,0.5405719195438967,False
11054,3.263,1.4999999980860417,-0.4387952878916262,0.1087700975302435,-0.3050280935532106,-0.4651564208744485,0.48571794275206126,False
11063,3.33075,1.5000000056417908,-0.4359265450333282,0.7136057053302385,-0.2948238173166144,-0.4582528032694875,0.47600778510208896,False
11064,3.32325,1.5000000015678467,-0.4371721833797957,1.012465720024225,-0.2879179164429736,-0.4680801153988264,0.4630053034893935,False
11148,3.27816666666667,1.4999999961956705,-0.4483640551886906,-0.0762384460013334,-0.2864966626346201,-0.4785466724353794,0.43954588040988946,False
11232,3.32483333333333,1.4999999985309995,-0.4296322967227254,0.2902207958411887,-0.2849692426485662,-0.4860111391718786,0.45989226725373406,False
11250,3.20133333333333,1.5000000088852934,-0.4332276619496359,-0.3964456688883176,-0.2830862058731123,-0.4916376123074229,0.5167965358679626,False
11268,3.17783333333333,1.5000000012084544,-0.4298870863844966,-0.2968256145976539,-0.2700340078989506,-0.4952435567818802,0.46307079470295304,False
11269,3.2385,1.4999999913218047,-0.4275939794286932,-0.2007633983106607,-0.2703643298345157,-0.4981137013077158,0.4319013584822995,False
11274,3.18583333333333,1.4999999937971489,-0.4271504566841032,-0.9016612304037258,-0.3176522351438743,-0.5005413748662332,0.36374259743969534,False
11316,3.31883333333333,1.500000000974903,-0.4328218858216096,0.6033121821758461,-0.3309393429735606,-0.5009567263174833,0.3547273262994321,False
11527,3.2835,1.5000000022410973,-0.415354639010325,-0.2968256229243243,-0.339641226458202,-0.5036337786240304,0.42875513683767946,False
11708,2.99966666666667,1.5000000017841564,-0.3981044352441105,-0.7735784431675586,-0.3139531416661793,-0.5074610094406684,0.49348511532490075,False
11718,2.97275,1.49999999382593,-0.3949620294159653,-0.3074991260106669,-0.3286450672758663,-0.5070403202460858,0.5385282967468569,False
11722,2.92916666666667,1.4999999980298868,-0.397217389755205,-0.0975856024426603,-0.3475743867022434,-0.508444037144522,0.5874797348443436,False
11786,2.52683333333333,1.5000000075319622,-0.387620312495752,0.5748492705024318,-0.3563898248554257,-0.509537388933719,0.5357968204938933,False
11796,2.521,1.5000000044252846,-0.3874410160671084,0.7634157123801343,-0.3521894449588413,-0.5106390769413698,0.5637825738678228,False
11836,2.34483333333333,1.5000000001056342,-0.3873560861798055,0.5321550516919658,-0.3761177316931852,-0.5102590918537647,0.6062291845784566,False
11907,2.23133333333333,1.4999999987213857,-0.3917252570462048,0.1301172336430309,-0.4288114002027974,-0.5108360244940622,0.6164859365506685,False
11942,2.0825,1.50000000946452,-0.37498463260367,-0.4035613872608008,-0.3848485062225301,-0.5093024850687521,0.6128244202252079,False
11948,2.078,1.4999999947970946,-0.3706532083538345,0.1123279817566837,-0.3762050462368529,-0.5073157529902256,0.5771007732587548,False
11958,1.98483333333333,1.500000001537365,-0.3598482393646152,0.436092903231837,-0.4429977647574827,-0.5041402792732296,0.5514421063992564,False
12006,1.968,1.5000000066482104,-0.3499397525186141,-0.211437093131186,-0.4229263353618351,-0.5011963130948944,0.5219068806838724,False
12012,1.951,1.4999999981431753,-0.3491376369168741,-0.392887726361095,-0.4073783564189304,-0.4978051804067194,0.4796372044185391,False
12016,1.95705555555556,1.49999999859929,-0.3484393245105128,-0.0157548983341501,-0.3961378310476323,-0.4965098177115171,0.49502497245677773,False
12019,2.00788888888889,1.50000000127997,-0.3491942568416511,-0.5138548858684339,-0.3707214233670827,-0.4978732898751235,0.5230644449450286,False
12020,2.00483333333333,1.500000005027806,-0.3481845348487416,-0.4391399207922616,-0.3545342973144935,-0.4978193418082622,0.5144264678343444,False
12024,1.97833333333333,1.5000000034366716,-0.3469388965024115,-0.6526113216063547,-0.3176993988604536,-0.4801692935013157,0.5255595268594919,False
12025,1.99644444444444,1.500000000644787,-0.3487696074054116,-0.6241484446393325,-0.3112880323315343,-0.4592957209925087,0.5673236393800395,False
12027,1.9355,1.4999999981124577,-0.3469860797731506,-1.125806248262991,-0.2999983477279977,-0.4230644228631574,0.5935387986907441,False
12029,1.99866666666667,1.500000002209951,-0.3469672064648,-0.8269462998618948,-0.2900674571590579,-0.3933267791055408,0.6409472552848596,False
12037,1.97475,1.5000000037673509,-0.3470993196227046,-0.1794163578039781,-0.2958837338931285,-0.3864593983051341,0.7479487407872693,False
12039,1.97891666666667,1.499999993698128,-0.3458536812765118,-0.7130948131735861,-0.2790284482522632,-0.3483028394462663,0.8335793155673069,False
12062,2.02216666666667,1.4999999985639476,-0.344626916238395,-0.0299863256566653,-0.2808549444557017,-0.3500580200672722,0.956465235999181,False
12075,2.0015,1.5000000016860795,-0.3376154822130803,-0.439139894247227,-0.2615543049802951,-0.3212963190449327,1.0687255326200253,False
12076,1.96333333333333,1.4999999999627642,-0.3374173124762235,-0.8838719929921789,-0.2494178939757218,-0.2737582536360857,1.1951951699082588,False
12077,2.02325,1.5000000062303271,-0.3378136519499372,-0.5992434901621632,-0.2261798581357532,-0.2511229147203279,1.4700629706812018,False
12078,2.01714583333333,1.5000000071639057,-0.3373890025136976,-0.4035613689312832,-0.2692158703584773,-0.1796512061021119,1.9750955984542524,False
12079,2.01875,1.4999999926425345,-0.3369926630398466,0.4005144099044896,-0.2556602704304369,-0.2365729398976231,3.199561047654065,False
12080,1.98925,1.5000000072935669,-0.3366246335285214,0.1052121641313775,-0.2441137861642351,-0.1990488160295304,4.643753552718312,False
12083,1.997,1.5000000058444307,-0.3377004121003831,0.4609978646948324,-0.2522951422068629,-0.0282795541753095,4.6279947502502194,False
12085,1.9885,1.500000002797532,-0.3384081611606451,-0.5672227512077824,-0.2519577119075647,0.2122762203336565,4.626825868418002,False
12092,2.0035,1.5000000024725704,-0.3393801365369908,0.0482864938719485,-0.2712559514436551,1.0845821634352586,4.556811820601605,False
12107,2.0295,1.499999999784399,-0.337549425634128,-0.9977234124155712,-0.263693483224266,1.3686271067011155,4.424719297353746,False
12108,2.03316666666667,1.4999999939838842,-0.3388894305217989,-0.1723005645665885,-0.2658510212611975,-0.370762314733338,4.305763159663979,False
12127,1.97333333333333,1.5000000034424212,-0.339389573191166,0.0376129151905068,-0.4078852182126385,-0.4336240675831796,4.018145883898384,False
12177,1.98475,1.4999999999770333,-0.3330481416096869,-0.6099170118434478,-0.3751101973258435,-0.4695881497329341,3.484448416546802,False
12201,2.044,1.5000000048533793,-0.3380778782658836,-0.1224906564305381,-0.3499075715195363,-0.4900314746136374,2.312987643341195,False
12214,2.01983333333333,1.499999992777106,-0.3394933763866821,0.1052122847110517,-0.3615634772627308,-0.4981831708045288,0.869652230837844,False
12226,2.09066666666667,1.4999999973575435,-0.3360773075884152,-0.1794163057518851,-0.3587865057300292,-0.5031665273389399,0.9275420744464967,False
12228,2.04741666666667,1.4999999930308217,-0.3371436495061017,-0.1972055552284689,-0.3847881513997417,-0.505483678194171,0.936148703467743,False
12400,2.29975,1.499999991545829,-0.3385497109728622,0.5819651221089501,-0.402820257762053,-0.5068860061159162,0.9706954270114159,False
12482,2.46475,1.5000000034562413,-0.3170907594606788,0.2475264716480733,-0.4488070234582172,-0.5084186566051357,1.0145491135206557,False
12620,2.57633333333333,1.499999994667615,-0.2905265780593083,-2.723283975887324,-0.4813152399758587,-0.509811865254031,1.031913114742601,False
12681,2.72916666666667,1.4999999988493735,-0.2844210628313872,0.8523621836696171,-0.5319719713185607,-0.5107418075747925,1.0713109052569694,False
12720,2.78475,1.499999995024616,-0.2694450927127628,0.5285972384444281,-0.6080092116912419,-0.5117082148849428,1.1054273699487691,False
12738,2.74683333333333,1.500000001949286,-0.2663121235386556,-0.7024213065368755,-0.5613354632484261,-0.5124487801718824,1.021316414337856,False
12743,2.72855555555556,1.500000001386797,-0.265547754553342,-0.129606341929255,-0.5654208463938394,-0.512770911147598,0.9647173697485864,False
12745,2.74233333333333,1.50000000660142,-0.2640378898910655,-0.6775163444978235,-0.5248068354007259,-0.5126721379101887,0.8684957577176101,False
12763,2.7789375,1.499999995900341,-0.2608577374462193,-0.7664626838961348,-0.5069646092190103,-0.5118732347820306,0.8079149003346188,False
12767,2.799125,1.500000001083548,-0.2621505590632885,-0.4213506049872964,-0.4119713790012345,-0.5112785727359577,0.7145068487312932,False
12857,3.15333333333333,1.5000000039262773,-0.2409180872504877,-0.2505734968798395,-0.3779071760462496,-0.5105950030843869,0.6740529001245893,False
12910,3.23266666666667,1.5000000066718464,-0.2310284737128371,-0.7913677653106549,-0.5414051737170179,-0.5158143770779697,0.6264336193022269,False
12955,3.36016666666667,1.499999999547649,-0.2149295417516119,-1.097343403824531,-0.4379284360248442,-0.5174203349477051,0.5705796192001357,False
12990,3.36075,1.500000000913193,-0.2073519084779779,0.0589600774717486,-0.3559189264408722,-0.5186457649342866,0.5263732272160919,False
12999,3.34383333333333,1.500000007117315,-0.2006330107309983,-1.0083970385700711,-0.351518161407063,-0.518986016226462,0.5100816204190983,False
13023,3.545,1.5000000056340237,-0.1995100488885348,-0.0299863837463723,-0.3310692015295405,-0.5191814334180374,0.5331607113282721,False
13024,3.50483333333333,1.499999997567634,-0.2011992099793176,-0.4818341444003814,-0.3023035385872132,-0.5191384332000427,0.4614411508682412,False
13077,3.70705555555556,1.5000000039881278,-0.1833261870400067,0.0945386209293229,-0.2998582597130353,-0.5192121821636954,0.4073256551269967,False
13078,3.69283333333333,1.5000000070677977,-0.1846850652360282,-0.5743384985303164,-0.3146062481712848,-0.5190065691882211,0.3664217074791973,False
13134,3.7955,1.5000000035821566,-0.1752484110970056,-0.9870498704816846,-0.3890455041079015,-0.519266536379851,0.3284180484631424,False
13144,3.82783333333333,1.4999999943846802,-0.172483471434361,-0.4426976931746667,-0.326362062235317,-0.5193097604967539,0.3213209654598843,False
13210,3.84875,1.500000002158531,-0.151647339095274,-0.2292263412468089,-0.3454170804290911,-0.5197318200509333,0.33675746033677023,False
13289,3.9165,1.5000000036633547,-0.1318398020575843,-0.4249084823888769,-0.2886797236046067,-0.5199239496364936,0.33840766561614166,False
13302,3.876,1.50000000094075,-0.127423447920446,-0.4249084607618997,-0.362866264594955,-0.5198008682358936,0.3488499911994721,False
13334,3.83733333333333,1.500000003143725,-0.1198175046844234,-0.012197078836103,-0.3585895589347148,-0.5200749116757868,0.3536151669849504,False
13344,3.87583333333333,1.500000000785413,-0.1196948281806941,-0.5707805923072913,-0.4627485707869802,-0.5198987368315843,0.3952824530072886,False
13350,3.86679166666667,1.4999999972682836,-0.1163542526154175,-0.5992434199027786,-0.4967202602579076,-0.5196459357401416,0.4111232648156584,False
13366,3.9065,1.499999998685699,-0.1124474778018216,-0.2505734545924648,-0.4753178040707576,-0.5195216912316375,0.49551021723851973,False
13395,3.9975,1.500000000130185,-0.1038412492270648,-0.0584491936961702,-0.4953995906381217,-0.5194302011670063,0.5647326760748946,False
13412,4.044,1.499999996645386,-0.1049830843780162,-0.6099169857577921,-0.5289708008364667,-0.5191332103498478,0.6686690643802451,False
13444,4.01033333333333,1.499999994177897,-0.0912716259139352,-0.2505734182180178,-0.4929659346514891,-0.5191723825226545,0.7655634214798044,False
13507,3.911,1.5000000036567696,-0.0829296236549876,-1.132922003574559,-0.6790484170052382,-0.518979657921787,0.8225396962855233,False
13653,3.78683333333333,1.4999999982808592,-0.0483725961979189,-0.3146148755973603,-0.9266096881750236,-0.5185798313778212,0.8565542354270176,False
13754,3.78233333333333,1.5000000023450264,-0.0366239617948798,-1.065322712756024,-1.0762576632142349,-0.5187643960605172,0.8646191033528458,False
13755,3.784,1.499999997806351,-0.0377657969456938,-1.4246662259486458,-0.9722555246947472,-0.5187842507520548,0.8572167827300825,False
13772,3.7595,1.499999993896728,-0.0373600208176675,-0.8731983758489974,-0.9616173620179878,-0.5183810067692545,0.8582619355079406,False
13773,3.74825,1.4999999978150027,-0.0343402914931144,-0.8091569815484745,-0.8175796274632722,-0.5169792257714702,0.8378134862164612,False
13798,3.71533333333333,1.5000000050222797,-0.0320283112290978,-0.976376310718364,-0.6998740780537628,-0.5168077072901754,0.7805581142350821,False
13818,3.75211111111111,1.5000000025616786,-0.0241109584065271,-0.7095370250815849,-0.6763671223040602,-0.5159117734812331,0.6723637616332889,False
13851,3.82566666666667,1.4999999988815436,-0.0131266929886642,-0.1687427474269465,-0.5851353136720691,-0.5161637016348811,0.5750217320935247,False
13873,3.897,1.4999999918580824,-0.0060775123467858,-1.289467619702388,-0.6520179382224189,-0.5164472107794662,0.5418359091299426,False
13915,3.86283333333333,1.499999995299928,0.007388593109562,-0.8162726760124726,-0.4966147443349422,-0.5165797286085632,0.49120173537379547,False
13920,3.878,1.4999999931541628,0.0085681748769398,-0.8838719409007793,-0.479213768656556,-0.5173346065179831,0.44448246281642195,False
13939,3.9885,1.4999999966129216,0.0132204453674988,-0.0264284527315006,-0.4756462447734885,-0.5181506876259997,0.4450675791685376,False
13943,4.01166666666667,1.4999999991483508,0.0130505855930304,0.5855229134578033,-0.4586301070466624,-0.5183852875822437,0.47170157975503063,False
13973,3.99566666666667,1.4999999985228178,0.0215813209346596,-0.2754784515890374,-0.4562408591851172,-0.5184852959988292,0.5275954189775076,False
13974,4.006,1.4999999941850113,0.0236385115370423,-0.7878098121527649,-0.4542596049099247,-0.5185043344910997,0.5875415358640822,False
14106,3.871,1.5000000041580426,0.065084296515559,-0.2612470694071766,-0.8980861425268878,-0.5165065650670259,0.638507249150167,False
14109,3.82733333333333,1.4999999990853052,0.0699913566678892,-0.7949255637433765,-1.3061663414280038,-0.5149676176396094,0.6919962506706535,False
14158,3.6975,1.5000000051890798,0.0896667805476743,0.3969564463171887,-1.828831896439986,-0.5139355518532321,0.7046704623166659,False
14179,3.56254166666667,1.4999999960251031,0.0923751002856792,-0.1687427242477581,-1.7622623377952178,-0.5146593707573115,0.7620054575855062,False
14181,3.62075,1.500000001176249,0.0944983474668769,-0.1723006229786712,-1.8229778718653125,-0.5153615540494275,0.8651343414518325,False
14201,3.7025,1.5000000004104992,0.1000093534840902,-0.2149948995468533,-1.774695823971883,-0.5157518005244968,0.970951119542502,False
14202,3.73027777777778,1.5000000036453274,0.1004528762286803,-0.247015637734477,-1.7000912662099883,-0.5162763781990735,1.0792266820162788,False
14203,3.75954166666667,1.499999992789194,0.0994903375065099,-0.0264284212797349,-1.7021329065065096,-0.5161747364321488,1.0992987874711089,False
14205,3.73366666666667,1.500000006134424,0.0992732944613025,-1.0831120257149334,-2.6555229530395685,-0.504692717174485,1.141616676106504,False
14210,3.78283333333333,1.4999999999080973,0.097414273595914,-0.7522312872826316,-3.4889413499732864,-0.5005210922463436,1.1729065522797995,False
14218,3.79433333333333,1.5000000008746162,0.0989807581829675,-0.6028013050755586,-4.428225087170917,-0.495580217021184,1.1919057605669336,False
14353,4.0885,1.5000000023787272,0.1491365749318944,-0.3928877601368415,-4.075809784647084,-0.4978902912797039,1.211387781349051,False
14435,4.3435,1.4999999971673577,0.1681136864054555,-0.5743384207784406,-3.7870852784739593,-0.4995871754037805,1.5626101608699077,False
14467,4.34883333333333,1.5000000013660495,0.1777296369731217,-0.3501934693014553,-3.4366366671157804,-0.5005615546420122,1.8363370633636948,False
14477,4.39266666666667,1.4999999991442474,0.1792017550188344,-0.8909877005109437,-2.982267306010456,-0.5010143149618712,2.1777782047376357,False
14481,4.37995833333333,1.5000000081114275,0.1788809087779737,-1.004839189221825,-2.578621834661518,-0.5019465156161271,2.1591324557617733,False
14632,4.6605,1.499999999348941,0.2859963699101098,-5.982280927022879,-2.011217538113424,-0.5018498807936926,2.078449042540452,False
14634,4.628,1.5000000023916336,0.2925642811908343,-6.195752353550489,-1.7573373563771673,-0.5009261754130084,2.0006876961871334,False
14643,4.72466666666667,1.499999999399122,0.3005382539383194,-7.280898695922931,-1.3887714809888605,-0.4985814225753828,2.0005784352483893,False
14694,4.84966666666667,1.5000000006766951,0.2729266039274757,-0.0157549154223969,-1.0013924182558798,-0.4945225997839952,1.955446575785654,False
14727,4.77066666666667,1.500000001390028,0.2852886208497106,-0.7415577280422819,-0.6239443915172922,-0.4912658858988734,1.9471079111145089,False
14730,4.77433333333333,1.4999999999923006,0.2882422935951741,-0.802041284506926,-0.299819855618408,-0.4873885739434082,1.6064001544124478,False
14742,4.75583333333333,1.4999999914751687,0.2904410340094993,-0.8482933588602511,0.0555593159488239,-0.4810028668537295,1.2519151128798245,False
14819,4.99,1.500000006776825,0.3283480736860199,-0.951471325853352,0.3792262867331402,-0.4706535462325458,0.79840934400256,False
14830,4.9585,1.5000000074839224,0.3336042900414621,-0.2719206668801644,0.745162981126306,-0.4385756475711104,0.660648918533963,False
14841,4.94333333333333,1.5000000014315011,0.3391813526374904,-1.0937855610528369,0.6297628315279553,-0.4606981368126641,0.6172356233375831,False
14867,5.027,1.4999999933913797,0.3496560387319482,-0.325288407085618,0.4095912416770156,-0.4822534188813603,0.5906612055873938,False
14881,5.05766666666667,1.5000000006649634,0.3563466265165393,-1.1115748398029492,0.12028334104094,-0.5140673624996472,0.5053700470760163,False
14882,5.079,1.4999999993474045,0.3561012735089434,-0.3074991703292292,0.2052380393746478,-0.5135026613520116,0.49854673870994504,False
14887,5.068,1.5000000011008636,0.3596211455028636,-0.7024212999463385,0.2840562123596322,-0.5127392004558123,0.42997337157105897,False
14898,5.101,1.4999999992402546,0.3654152511440994,-0.1473956089566948,0.4215712301229875,-0.5116230932907615,0.3542036909076124,False
14963,5.1335,1.5000000072190665,0.3934515505911826,-0.1296063894614616,0.4324994657278712,-0.5102334588166036,0.3246633646124465,False
14969,5.184,1.5000000030353873,0.3967543795397581,0.4894607438357973,0.4537180858086034,-0.5084902174912583,0.3077037660966417,False
14973,5.23,1.4999999988419137,0.3994626992776257,-0.3893298750174815,0.3197125170311041,-0.5107436413386062,0.3021252784463614,False
14974,5.246,1.50000000149587,0.3976602983371515,-0.4569291772310117,0.0565206663455704,-0.5125947113961955,0.313395237540645,False
14987,5.298,1.4999999992585715,0.4072007556716901,-0.6953055718321144,-0.0645498884726143,-0.5154880218769484,0.31389815249052977,False
15018,5.12383333333333,1.499999998403846,0.422554191955815,-0.8981034086858526,0.0028962034739646,-0.5157051068338647,0.32826090540582364,False
15025,5.11133333333333,1.5000000038331314,0.4258947675210916,-0.5494334749045359,0.0687065836186168,-0.5149139459560075,0.308106976014376,False
15026,5.13133333333333,1.5000000034181789,0.4251587084983038,-0.9265663020914596,0.1097516006941965,-0.5135162966682836,0.3437396077576411,False
15027,5.10918055555556,1.5000000041653183,0.429084356620113,-0.8482934562289693,0.1506799614016374,-0.5151815673772114,0.3648404085375276,False
15028,5.15066666666667,1.5000000001566816,0.4289994267328102,-1.1364798342770386,0.2566300887584493,-0.5163297088908035,0.374228495563478,False
15029,5.1175,1.500000002223876,0.4299053455302036,-0.9087770085065094,0.331029473055774,-0.5182106434281687,0.37074831612780934,False
15030,5.11936111111111,1.5000000005494438,0.4285559039883574,-1.2396576872348983,0.2775293380496901,-0.5186061642150283,0.4058081886958489,False
15032,5.08966666666667,1.500000002962194,0.432708031809412,-0.9621448675462728,0.3186084850981694,-0.5181254355233542,0.3959336370715457,False
15062,5.016,1.5000000023190423,0.4514681002379031,-0.734442021471696,0.2256143593500258,-0.5183346000579409,0.40543657505025005,False
15063,5.0285,1.5000000089121428,0.4516002133958077,-0.2292263958651853,0.1628696387082085,-0.518753557439622,0.3834960130615299,False
15123,5.13716666666667,1.5000000043534627,0.4794289064518587,0.3435886000899892,0.1208360159675415,-0.5190435342917828,0.36367055716621327,False
15181,5.0685,1.4999999987542942,0.5076161923650598,-0.207879172337572,0.1265397188469623,-0.5193215025182725,0.3530144066749512,False
15185,5.05875,1.4999999919475897,0.5118721233817678,0.0945387208572927,0.1914022603415575,-0.5195003556340536,0.34818755698832515,False
15197,5.0825,1.5000000031950929,0.524413436732509,-0.2007634945131024,-0.0109921767116016,-0.5198254186261652,0.34165551229313423,False
15210,5.162,1.500000000846358,0.528320211546105,-0.9194505687021006,-0.2923643914420304,-0.5199025120261216,0.3488117596947692,False
15216,5.175,1.4999999949473075,0.5297828929376425,0.3791672488350404,-0.60888946134303,-0.5200672827920014,0.31803429251937093,False
15257,5.397,1.5000000007117924,0.5494205702008638,0.0127079394746151,-0.6158268544480481,-0.5200724861075813,0.3235705042831726,False
15261,5.44,1.5000000035622236,0.5517891703897947,-0.3750984851301249,-0.7843120638448015,-0.5203915469125314,0.3071261722336149,False
15300,5.3525,1.5000000040564343,0.5734840382553987,-0.8981034518317962,-0.7703784423765733,-0.5205510536087951,0.3171113780003475,False
15311,5.35883333333333,1.5000000049227975,0.5798254698368779,-0.6490534763246264,-0.8706200950987473,-0.5205929180053878,0.34426631344451497,False
15314,5.427,1.5000000051916342,0.5814863209652723,-0.2648049346406342,-0.8963867690358307,-0.5207711164762097,0.32640057209074924,False
15322,5.455,1.4999999931300192,0.5846664734101185,-0.4106769709525125,-0.9474229080173038,-0.5208266454872627,0.3385047610737602,False
15342,5.492,1.5000000011992838,0.594839186572066,-0.8091570075967126,-1.0345548262330213,-0.5208799283287111,0.36254722668163997,False
15381,5.32766666666667,1.499999998317054,0.6156564456026652,-1.0653226824412867,-1.191039935721408,-0.5209380176486257,0.3997713858732306,False
15391,5.32583333333333,1.500000002494084,0.6232623888386878,-0.6526113142789322,-1.3665383834398583,-0.521049398126737,0.4030697068388948,False
15503,5.01275,1.5000000046025666,0.7010392922526335,-0.8589670302369978,-1.428624587408645,-0.5211717933733593,0.4306472973336931,False
15513,5.05975,1.5000000014087609,0.7071825540971185,-0.3715406110226291,-1.46286706192526,-0.5212381187588725,0.45019985349171104,False
15525,5.0575,1.5000000003011371,0.7111931321062306,-1.385529818222871,-1.2267189192323478,-0.5212603138624285,0.43463118351387364,False
15551,5.10183333333333,1.4999999985884032,0.7301891168880049,-0.5494334336286334,-1.0431307767599336,-0.5212975892393974,0.42432705826122,False
15568,5.05566666666667,1.5000000007493297,0.7479017167070228,-1.3855298215003158,-0.8511019775216204,-0.5213606872907532,0.4194110007013928,False
15595,5.04966666666667,1.500000001818642,0.7597447176514027,-1.2538891242217975,-0.5978151254737534,-0.5214155852901415,0.414614227774081,False
15605,4.99177777777778,1.4999999993650894,0.7683886928427232,-0.5352020121355056,-0.6523229862653189,-0.5213738670132292,0.4148526415332294,False
15608,5.00716666666667,1.4999999976364846,0.7681999597600416,-0.2790363013701871,-0.9646883720480977,-0.5209136480653296,0.37511340989037595,False
15659,5.03883333333333,1.4999999960168011,0.8018038851491152,-0.7095369742721064,-0.9696534048884256,-0.5208817994231996,0.4129299879646774,False
15734,4.98,1.4999999984948271,0.8555078838542134,-1.0048391164331292,-0.8759627074440325,-0.5209383396527578,0.410020601998524,False
15735,4.9245,1.499999996196698,0.8580935270883517,-1.2965833655245689,-0.1925935934732271,-0.521051569491147,0.46143648307650664,False
15744,4.92983333333333,1.5000000037129402,0.8647841148729428,-0.8803141647658136,0.033574291931441,-0.5211174653349088,0.623044112577026,False
15795,4.99225,1.499999992386851,0.9022004485341344,-1.2183104852437114,0.5584293123754559,-0.5211556091468538,0.7009807292764382,False
15840,5.009,1.4999999990341375,0.935955360389463,-0.958586980798181,0.7733558993280103,-0.5211855400073657,0.7772176262107053,False
15886,4.97033333333333,1.500000004228128,0.9763819867210324,-1.6061169740855965,0.9750218640434056,-0.5211530459672407,0.8536872205095077,False
15922,4.94633333333333,1.4999999988323716,1.0148552256457348,-3.0683961221226226,1.1352796541507495,-0.5211212001700107,0.9019603813889504,False
15932,5.03716666666667,1.5000000055647076,1.016081990683852,-1.8444933950331877,1.2590707426947043,-0.5210928390289394,0.9615909717021014,False
15949,5.20033333333333,1.5000000068845043,1.0204794715126395,-1.4317820058636757,1.4547641449325313,-0.5210160774301978,0.98213952745816,False
16139,4.33116666666667,1.4999999989787398,1.1829409091699177,0.2261793678508937,1.7920676474536656,-0.5209245013670029,1.0312625612559183,False
16149,4.35375,1.4999999996301328,1.1918396740231467,-0.1972056087145523,1.6767352491698595,-0.5208281992688141,1.0265206277433145,False
16159,4.27433333333333,1.499999994602773,1.2009460452672704,-0.3359619875513328,1.7958257359450882,-0.520449961573737,0.9302933953191764,False
16178,4.21733333333333,1.5000000007688163,1.214553700535698,-0.4782763128527498,1.8546661901031136,-0.5201926533456382,0.8691811125955348,False
16182,4.20166666666667,1.5000000071892308,1.2179886426423157,0.0482864548724348,1.6545714745143387,-0.5199138458527193,0.8196144729413625,False
16183,4.21016666666667,1.500000002220496,1.218545405236597,-0.1829742021303819,1.5283679459080155,-0.5196693165988971,0.7466435665956911,False
16184,4.21133333333333,1.4999999953052603,1.2178942761009748,-1.090227658164573,1.0565930395725291,-0.5204364286305856,0.7379656830816925,False
16185,4.18216666666667,1.50000000020055,1.2200175232823098,-0.3110570340934379,0.7112372000220955,-0.5206314869943602,0.7020965072559292,False
16186,4.14983333333333,1.5000000037960024,1.220432736064374,-0.1900899287221716,0.5300983595091613,-0.5206316942417462,0.655687615179739,False
16187,4.164,1.500000001153449,1.219479633996379,-0.7415577262107083,0.4228137853634548,-0.520924611148011,0.6076602560713497,False
16190,4.14666666666667,1.5000000063916412,1.2301713631359068,0.599754278485794,0.3187122176108198,-0.5210184439786517,0.5700170547348162,False
16209,3.99975,1.4999999960775987,1.2736554654084558,-0.1900898661294574,0.5096315966040242,-0.5211337260413186,0.5029667267166464,False
16234,3.90508333333333,1.5000000008389,1.3048152973754708,-0.7308841530947108,0.3560910549417396,-0.521164809874575,0.48240668867815195,False
16244,3.86333333333333,1.5000000025318267,1.3149502639208546,-1.2289841312552756,0.2570410738990159,-0.5212475526787268,0.4313566529415503,False
16278,3.72133333333333,1.4999999962234465,1.3444114981429116,-1.2930255087999525,0.0891887895886763,-0.5213367717559773,0.41838671460091553,False
16338,3.357,1.5000000015199246,1.4000311376383128,-0.8162727238831117,-0.2717515388677036,-0.5213658611081107,0.37834126884998776,False
16385,3.182,1.4999999976720235,1.442052558519324,0.1265593854844082,-0.369296697407218,-0.5213953547830835,0.37536308813775204,False
16391,3.145,1.4999999979766852,1.4461386297615637,-0.5601069995155874,-0.3735058221539725,-0.5213986245596766,0.36703082159367334,False
16427,2.93333333333333,1.5000000008751273,1.481025940113531,-1.147153410330553,-0.4396315115693433,-0.5213688486425768,0.33940128087471527,False
16479,2.631,1.4999999982572134,1.5372872720903792,0.0554022425345281,-0.0393881320941797,-0.5214443669474257,0.31019423448445615,False
16487,2.6,1.500000003602075,1.5429964478444491,-1.207636997845092,0.1163719387409366,-0.5214130104856626,0.30306239598511325,False
16493,2.57225,1.5000000004909877,1.547007025853561,-0.6419377279432319,0.2095107932533464,-0.5213676991554907,0.298650646805223,False
16497,2.56075,1.5000000009792906,1.5526123984121154,-0.4000034627724119,0.1216420833742999,-0.5213239349235845,0.2973745368187352,False
16499,2.555,1.4999999984140966,1.553782543525318,-0.905219122545583,-0.1342524649393875,-0.5212887619517108,0.28381005772896606,False
16573,2.14516666666667,1.4999999975493457,1.6311442341570623,-0.6490534188112961,-0.2189272403259519,-0.5211921535678088,0.2649938597926951,False
16581,2.11680555555556,1.49999999688873,1.6389955304006807,-1.111574811499252,-0.141101237372176,-0.5212116210401566,0.22347167073775026,False
16591,2.11566666666667,1.499999997253148,1.6519237465712349,-0.6063591335969971,-0.2868283682981267,-0.5207027981654957,0.21021829296290956,False
16594,2.06916666666667,1.5000000043077748,1.6555757317229225,-0.2612470706402234,-0.2246868684057523,-0.5203403116974424,0.2013662788957537,False
16598,2.00966666666667,1.4999999964370392,1.660303495446609,-0.2292262950232998,-0.1144023340688473,-0.5202949730718811,0.2070075194178808,False
16602,1.94825,1.499999996984054,1.6663807007121416,-0.7344419801175738,-0.2424232781129743,-0.5197764050278189,0.23356447431343075,False
16606,1.97316666666667,1.500000001897514,1.6688342307883757,-0.4213506114626937,-0.5051296830358298,-0.5190425409900431,0.2890275264920768,False
16608,2.02266666666667,1.5000000085699738,1.6715142405638546,-0.7344420698954146,-0.6641016067473656,-0.517407371986057,0.3651117268691049,False
16609,1.97025,1.4999999998765208,1.671401000714163,-0.606359154143331,-0.824906799144155,-0.5033354693425282,0.4214096037970614,False
16610,1.988,1.500000004827872,1.6736091777826636,-0.6134749066993586,-0.7639844123117234,-0.4936532315274476,0.46202369124630643,False
16612,1.92727777777778,1.5000000027847042,1.67387340409861,-1.6737162447024134,-0.7917931129431617,-0.4810969286385667,0.48845007769635235,False
16613,1.90616666666667,1.5000000023645057,1.6748831260915196,-0.0975856378617472,-0.8610567627617398,-0.4710447608538348,0.4968761616463978,False
16615,1.92325,1.5000000060879766,1.6779594753408498,-0.2968256538211311,-0.8396265494514521,-0.4663064266657336,0.5152896561016621,False
16616,1.93556018518519,1.4999999983661068,1.678771027596765,0.1799272332270222,-0.8024452595995678,-0.5003928338960574,0.523613940571639,False
16617,1.926,1.500000002240227,1.6803280755296433,-0.8269463000686758,-0.7434288089412004,-0.5081610526440576,0.5231699811382229,False
16621,1.921625,1.5000000044116155,1.6803846954544204,-0.5707806207938252,-0.7108337379185803,-0.5113771716230263,0.46713692542958885,False
16622,1.88133333333333,1.4999999933876689,1.6838007642528243,-1.0831119299333438,-0.6855465415696717,-0.5116185643832182,0.4120789356021812,False
16624,1.90908333333333,1.4999999973926683,1.6869620433893202,-1.0866698169208324,-0.6142963513529243,-0.5125881112309203,0.3616559823337257,False
16627,1.9015,1.5000000019944724,1.6874338760962988,-0.9941655722401856,-0.6257480420920777,-0.5133890885064132,0.3282626386126184,False
16628,1.8685,1.500000002161957,1.6887078244051548,-0.31461490674909,-0.6274415759097153,-0.5149567508397858,0.3425460083902789,False
16632,1.85133333333333,1.500000003250667,1.6929543187676874,-0.5067391876142491,-0.6268704193089746,-0.5149244215148933,0.3907886343736502,False
16643,1.86625,1.4999999958679868,1.726520497540197,-0.7095369731168243,-0.606212218174855,-0.5152645580795513,0.4051861647759256,False
16655,1.87841666666667,1.5000000042770478,1.7316068541210337,-0.3928877752747015,-0.644747339346452,-0.5151224022904975,0.44193066657660357,False
16656,1.83977083333333,1.4999999997617306,1.734334047167252,-0.7949255689561255,-0.6988633762574256,-0.514380637695442,0.5217999701068331,False
16657,1.84933333333333,1.5000000058966487,1.7353720791225498,-1.3143727214480736,-0.7122971500850332,-0.513885007394815,0.6018003206463813,False
16664,1.8015,1.5000000051978033,1.74093970506454,-0.4818342047935213,-0.7237852066197804,-0.5125416762871994,0.6683183284359641,False
16674,1.779,1.4999999983348091,1.7542831340171587,-0.74511556128,-0.786466723285244,-0.5092127686014009,0.7638033206483152,False
16686,1.86433333333333,1.49999999547606,1.7700706563918356,-1.474476205717861,-0.8374125952061482,-0.5067177627120825,0.8341319258914318,False
16687,1.83616666666667,1.5000000024384337,1.771542774437411,-1.6167905319567968,-0.7453692017726629,-0.5048528477615339,0.8977117309554998,False
16688,1.83133333333333,1.499999994588782,1.772278833460336,-0.9479133763006105,-0.6764313837823295,-0.4986757005088392,0.9674959762655191,False
16689,1.79979166666667,1.5000000033183314,1.771486154512634,-1.6310219657977034,-0.6195979261616437,-0.48902680788886,1.0756120010499448,False
16691,1.78554166666667,1.499999996718634,1.7772047669208797,-1.474476214730604,-0.5447514767582248,-0.4817284929265317,1.1408922706508522,False
16693,1.80475,1.500000002487051,1.7805642157943695,-1.4388976876305364,-0.4717950514458935,-0.4703081810741806,1.1861662117522858,False
16694,1.83672222222222,1.5000000025217408,1.7783937853422953,-1.7804519496217386,-0.4372551725119478,-0.4442993278313599,1.3381451104704474,False
16696,1.78266666666667,1.499999991880293,1.7830932391035934,-2.4493289752799163,-0.3829648231508656,-0.4078445432814211,1.7327441938598773,False
16697,1.77075,1.4999999917673874,1.783329155457014,-1.663042595508731,-0.3409957637762779,-0.3518801755045471,2.7128156483042525,False
16699,1.78397685185185,1.5000000016184891,1.7849900065855455,-1.7768940863713278,-0.295273037028558,-0.3210270378574326,4.677135564522297,False
16700,1.8020625,1.4999999989254336,1.7873586067744769,-2.1362376144636293,-0.2585592281210283,-0.1650966497452301,7.532465894098157,False
16701,1.75874845679012,1.499999999296176,1.7878681860978818,-2.904734707573356,-0.2248659775587277,0.2061799628872588,12.221031993740082,False
16703,1.7475,1.499999996402553,1.7880002992559236,-2.591643281453648,-0.206344724929041,1.555671274088597,17.707174436366493,False
16704,1.80995138888889,1.4999999961232793,1.7895950938053655,-2.253646873336438,-0.2163094723494665,3.5814118290533337,22.975121321076706,False
16706,1.752625,1.500000004059847,1.7909539720013872,-2.5026969090473155,-0.2234366808170378,5.430240250980719,27.44064923921202,False
16707,1.79327777777778,1.4999999997468272,1.7910766485052536,-2.691263296408072,-0.2157626704474122,9.294045709334346,30.159651367997483,False
16708,1.756,1.5000000008867194,1.790501012602759,-2.8940611468870854,-0.2269980334052137,10.992166185474373,31.545886239852123,False
16710,1.77178472222222,1.4999999999863378,1.7876039597820723,-1.709294793776111,-0.2222732217929584,10.651568238186758,31.86191059578906,False
16711,1.72977777777778,1.5000000007528558,1.7852164862849285,-0.3110570385278404,-0.2167189649585807,9.07135270246058,30.819874801141022,False
16712,1.75944791666667,1.4999999991894173,1.786046911849057,0.6851429063287531,-0.2054546348718939,5.561558819883784,28.621891003200556,False
16714,1.72983333333333,1.4999999982546994,1.7835367618481834,1.6813428473789704,-0.2056607144080456,3.119275264453276,24.35505823148613,False
16716,1.71816666666667,1.50000000541156,1.7820080238775564,2.343104161276025,-0.2089175547630888,2.067872485105011,19.041608261431023,False
16718,1.747,1.5000000026191336,1.7846880336530355,1.9802027855584363,-0.2080879825159423,1.3106458468530795,13.916286501054875,False
16719,1.78116666666667,1.500000000742841,1.786386631398131,1.3469042757235972,-0.222362165957148,0.8637136811379308,9.548369371842265,False
16720,1.73308333333333,1.5000000018418362,1.786688604330504,1.3611356932931682,-0.2346921664977829,0.435662600861279,6.819380921372293,False
16722,1.70075,1.5000000016154735,1.7912748182421103,0.2083900612690524,-0.2504052053822296,0.1161589557093059,5.154371127554541,False
16723,1.78333333333333,1.500000005358405,1.7927846829043872,0.6353328562808567,-0.2762330877408698,-0.0337621782519256,3.946728314569855,False
16724,1.70875,1.50000000468507,1.7969085007631904,0.0482864755779858,-0.3032614075064333,-0.0498594154201377,3.073354225589998,False
16726,1.713,1.5000000002449485,1.7997678069673133,0.1158857933651115,-0.3227328884489847,-0.0761846387743382,2.4382417478585996,False
16727,1.722828125,1.499999997852183,1.7996356938092717,-0.4533712914126246,-0.3159899711142589,-0.1205021432397911,1.9723702412055617,False
16728,1.7040625,1.499999995118894,1.8023251402389255,0.2190636864006709,-0.3002115542743218,-0.1827003834806095,1.7393785526477124,False
16729,1.741,1.5000000041549195,1.8013437282084048,-0.4925077672221324,-0.2862920935383303,-0.2333509498098011,1.5650468392202543,False
16730,1.6848125,1.4999999943917277,1.803740638359724,-0.2363419923165337,-0.2798791455565277,-0.2719444988978572,1.4081485843628068,False
16731,1.74580555555556,1.499999999678727,1.8043162742622187,-0.6668427199184432,-0.2669621095155693,-0.3356452638579908,1.2407099472850485,False
16732,1.71125,1.4999999968526272,1.807373750203336,-0.3110570072133101,-0.2810062114946775,-0.3373755449026361,1.1105906919504744,False
16734,1.69525,1.4999999926061385,1.8085533319707137,-0.9977233580422158,-0.270496997315836,-0.3429550448171555,0.9953666998692666,False
16735,1.763,1.499999999378647,1.810289676332236,-0.8269462781034058,-0.2581447835879231,-0.3405708193539574,0.9432615611540902,False
16736,1.719,1.5000000019382378,1.810393479527752,-0.1260484895410625,-0.2463478715247779,-0.355784788792738,0.9037636859637127,False
16738,1.725,1.5000000043618336,1.8112993983251449,-0.5529913359679133,-0.237058981602539,-0.3409940527916337,0.9323698975546194,False
16739,1.734,1.5000000010881436,1.813073489303368,-1.1862898377796949,-0.2051707334231687,-0.3464591140329385,0.9600428988296357,False
16740,1.7523125,1.5000000007187173,1.8146871571611607,-1.011954847056309,-0.1924945449852749,-0.3171618382693538,0.9260816777608851,False
16746,1.71,1.4999999983309915,1.815460962800512,-0.1865320274607504,-0.1843710029798065,-0.3051201308994136,0.8628280365089014,False
16747,1.704,1.4999999962688466,1.8168292776505717,-0.6739584071412728,-0.1932873723577911,-0.2245827144290341,0.8355881845936161,False
16748,1.689,1.5000000043028712,1.816234768439864,0.1550221854290718,-0.1881688014428171,-0.2414007552221756,0.8082467814522718,False
16749,1.694,1.500000004069027,1.816348008289555,-0.0371020846684239,-0.1994147885211343,-0.3519287000737441,0.7432616645481328,False
16753,1.75961111111111,1.5000000022374629,1.817282237049337,-0.4462556124163373,-0.2088047857218732,-0.3984068934933396,0.692911691095816,False
16754,1.71833333333333,1.5000000029426204,1.8184051988918004,-1.1542691395636724,-0.2077981767434893,-0.420038782528653,0.6595589582078722,False
16755,1.69766666666667,1.5000000023694249,1.818131535921816,0.1514643446460468,-0.2099334995691514,-0.4334420025448196,0.5760987751090556,False
16756,1.73916666666667,1.499999992835425,1.8182825223880712,-0.3893298271054336,-0.2122058582029159,-0.4353463453527084,0.4824598243127002,False
16757,1.679,1.5000000023813318,1.8206794325393905,-0.681074168553362,-0.2518826904833069,-0.4566551625283395,0.42794105365689444,False
16759,1.72594444444444,1.4999999988297288,1.8187166084783488,-1.022628403467567,-0.2673286466103359,-0.4658677974311614,0.4299640677465623,False
16764,1.69875,1.4999999970920586,1.8242464878039124,-0.8731984003064927,-0.2749602755802556,-0.4721812380498018,0.4198517285318044,False
16769,1.79116666666667,1.5000000051910818,1.8325790534086848,-0.0797963765074046,-0.2722481926444366,-0.4801102066132011,0.4396282982078605,False
16770,1.702,1.4999999916912474,1.8330886327320897,-0.4426976717857474,-0.2683791994034901,-0.484422251343463,0.4394336093389872,False
16773,1.74333333333333,1.5000000029607834,1.836372588372452,0.1265593414526453,-0.271452402724521,-0.4876022624767136,0.43712191746940543,False
16776,1.79680555555556,1.5000000043676656,1.840571899464383,0.2937786035161602,-0.295965343308479,-0.4950478586286512,0.447876185837534,False
16778,1.77983333333333,1.4999999976694238,1.8408549990885428,0.8274571957334269,-0.2988707526950354,-0.4979963603864945,0.45221639242008277,False
16779,1.76072222222222,1.499999999254295,1.844016278225176,-0.3217305971881234,-0.3196936143511068,-0.5001513103816817,0.4660650987326906,False
16781,1.7555,1.5000000060862049,1.8468284011585596,-0.0015235324037713,-0.3497723166392843,-0.5025574746523709,0.5040562382862714,False
16784,1.78483333333333,1.5000000063797574,1.850527569580986,0.3898407224516983,-0.4053086199080414,-0.5041594067885226,0.5325643586886999,False
16787,1.77702777777778,1.4999999990760882,1.8544720910111456,-0.2790363129593451,-0.4215783606007733,-0.5061886518176217,0.5396210294083903,False
16789,1.79,1.4999999996846585,1.8552553333046724,-0.2256684643616746,-0.4268109714110462,-0.5075203377105967,0.5309993166408106,False
16793,1.75011111111111,1.5000000014889627,1.8582373160126615,-0.247015620329187,-0.475158003347645,-0.5054275660627067,0.5643775498770993,False
16805,1.84183333333333,1.500000001298298,1.8648052272933864,-0.7237684428609492,-0.4804242398830139,-0.5065178735708507,0.590919273483753,False
16813,1.804,1.5000000019130044,1.8681929861292648,-0.2790363357972167,-0.4712248849682859,-0.5068275831111021,0.5718841984869055,False
16822,1.75094444444444,1.5000000014857304,1.8788375319980533,-0.7202105874308149,-0.4442410869285158,-0.5102248034594712,0.5809363478736613,False
16827,1.76366666666667,1.4999999992949118,1.883857832000075,-0.6134748633913015,-0.4658288931452233,-0.5086065702847595,0.6124157534358351,False
16828,1.77900925925926,1.499999997018986,1.886216995534831,-0.8767562566671019,-0.463454942213073,-0.5086039797896763,0.5919232242255693,False
16829,1.76,1.4999999995913254,1.8877362968512823,-0.1900898945982826,-0.451462767924822,-0.5100456827241765,0.5854472757222393,False
16838,1.67466666666667,1.4999999983926002,1.9011269090745029,-0.7202105634142147,-0.4195063674681632,-0.5097937325958534,0.5819066649050987,False
16840,1.682,1.4999999957182102,1.9021271944131,-1.2823519343569822,-0.3999221032437723,-0.5091537794222836,0.5927027235081865,False
16841,1.70916666666667,1.5000000065739505,1.9025895904660404,-0.4889499294285204,-0.3726486737072655,-0.5082733711481066,0.5817456135094683,False
16842,1.7465,1.500000001931826,1.9029481833231905,-0.9870498579750936,-0.3576095701890093,-0.5057117894316782,0.581907709205118,False
16845,1.71161111111111,1.4999999991611792,1.9070436912196047,-0.8305041333211187,-0.3186723325762744,-0.4984578826413853,0.5593390800161341,False
16847,1.7117962962963,1.5000000095738704,1.9074400306935932,-1.1791741872308932,-0.3007868228314751,-0.4933427545301772,0.5518384491167677,False
16850,1.673,1.5000000061411318,1.9085158092653176,-0.7379999079524412,-0.2856401555080124,-0.4915510289877669,0.5246597963860934,False
16851,1.68166666666667,1.5000000074696267,1.910912719416637,-1.221868454114295,-0.2436166216260251,-0.4884783499817851,0.5372051968254348,False
16852,1.688,1.499999998528402,1.9103653934765312,-0.6028012866943748,-0.1947921890350364,-0.4916081664304159,0.5749487846950254,False
16853,1.642,1.4999999996071194,1.9129887833272328,-0.9657026989529148,-0.1686812854346567,-0.4927358983718258,0.6011577842408743,False
16854,1.621,1.499999993263854,1.9130454032520103,-1.0368597890835942,-0.1649633744009045,-0.4950215325310912,0.6173002437890263,False
16855,1.667,1.500000003883619,1.9129887833272328,-1.0012813003031158,-0.1417462471683969,-0.4978474758323569,0.648919612538807,False
16857,1.627,1.499999993269977,1.91546118671168,-1.6559268923868182,-0.111164911975947,-0.4873455492731639,0.6524683260924965,False
16860,1.651,1.499999999000796,1.9179524634044776,-1.0795541151962509,-0.090514422248741,-0.4795291911995734,0.7244558407877908,False
16866,1.70986805555556,1.4999999970633977,1.9259547461143516,-1.271678373578644,-0.097035975211548,-0.4793573942513788,0.0,False
16867,1.71891666666667,1.5000000068234485,1.926690805137139,-0.9301241849054718,-0.0852185190215215,-0.4644104235318952,0.0,False
16868,1.72433333333333,1.5000000035520602,1.9288895455514643,-0.6419377518450335,-0.0561743975792261,-0.456377049874351,0.0,False
16870,1.735125,1.5000000060215903,1.928880108897289,-0.7949256171707099,-0.0374849398540885,-0.4328365767538842,0.0,False
16871,1.7835,1.50000000063409,1.9305787066423843,-0.8945455687821838,-0.037119326565988,-0.4314082129664199,0.0,False
16873,1.74570833333333,1.5000000023886069,1.9331077299517456,-0.8660827270585194,-0.0156289898500407,-0.4155506865342188,0.0,False
16876,1.75275,1.5000000034762726,1.9362973190506296,-0.1189327882961731,-0.0184276497971561,-0.3874640750744749,0.0,False
16877,1.76544444444444,1.5000000074949584,1.9381563399160184,-0.0726806815959394,-0.0654905503737509,-0.3918986660151546,0.0,False
16878,1.78733333333333,1.5000000033503462,1.937231547810412,-0.7629048845705952,-0.0734241590381004,-0.3620791071748783,0.0,False
16879,1.81,1.49999999849767,1.937354224314141,0.1799272321535386,-0.0464179793612998,-0.3963862031510162,0.0,False
16887,1.84994444444444,1.500000001731903,1.941242125819524,0.0589600706964528,-0.0906901791129837,-0.3954468817946855,0.0,False
16888,1.829125,1.500000001874464,1.9415629720602476,0.5855228899406706,-0.1357425808421386,-0.4026207289932753,0.0,False
16891,1.8985,1.5000000043281911,1.94186494499262,-0.3395199223509331,-0.1985774546866267,-0.4603813247110872,0.0,False
16893,1.90207407407407,1.499999999923597,1.9410911393532688,0.1585800788376798,-0.2108545166832607,-0.4867466431564545,0.0,False
16895,1.91633333333333,1.5000000001788738,1.9403739536386944,0.1016543663424,-0.2418547773858107,-0.4971698562894547,0.0,False
16900,1.90125,1.4999999977517997,1.9452432671744608,-0.0833541725494131,-0.3093860099136945,-0.4988508680316811,0.0,False
16901,1.95255555555556,1.4999999988280748,1.9447619978133068,0.0482865240321992,-0.3168541059764264,-0.5025727478441618,0.0,False
16910,2.0045,1.5000000042962192,1.9491877886046205,0.0091500530192906,-0.3309152320819608,-0.5083073373869166,0.0,False
16911,2.04033333333333,1.500000002075695,1.9501125807100896,0.5499443192549398,-0.3150409008878508,-0.5111367907874035,0.0,False
16912,1.99225,1.4999999938066093,1.9505277934922916,-0.2968255551246628,-0.3621932736108119,-0.5108972621889366,0.0,False
16929,2.08355555555556,1.4999999972731797,1.967560954213161,-0.3430777227601545,-0.3620663664479147,-0.5137556018234524,0.0,False
16932,2.09266666666667,1.50000000019771,1.972401957786539,0.2866629249047481,-0.3887411808216267,-0.5145226305567845,0.0,False
16933,2.08266666666667,1.4999999955883017,1.971363925831241,-0.5743384083775213,-0.4039918559429234,-0.5151031565560751,0.0,False
16935,2.09835185185185,1.5000000038831358,1.974430838426396,-0.6988634646812463,-0.480647142779072,-0.515791680843034,0.0,False
16937,2.08733333333333,1.5000000017947153,1.977950710420316,-0.012197067736264,-0.5178129080304938,-0.5158457679000772,0.0,False
16942,2.082,1.4999999987918733,1.9822538247076256,-0.1473956052818753,-0.4561840583792569,-0.5157801546631811,0.0,False
16955,2.038,1.4999999976717917,1.9974845844880211,-0.382214151898788,-0.5588906104691492,-0.5157897100588803,0.0,False
16960,2.07475,1.5000000065885823,1.998145150277819,-0.8162727628457788,-0.6026321143359066,-0.516863223567367,0.0,False
16962,2.08025,1.499999998062182,2.0015423457678723,-0.2683627340707173,-0.7228123420998617,-0.5160070592122784,0.0,False
16967,2.09,1.5000000019784865,2.005326444077602,-0.4071191845260206,-0.7245559061089841,-0.5157049062429547,0.0,False
16968,2.07883333333333,1.499999997956041,2.0091765989662838,-0.378656297275708,-0.7175771552294814,-0.5166699431745327,0.0,False
16969,2.06025,1.5000000004281608,2.009204908928672,-0.3466356049097726,-0.9281776859608754,-0.5194944050898422,0.0,False
16972,2.04383333333333,1.5000000061287369,2.011724495583858,-0.6632849132767172,-0.9351305871669126,-0.520469453635281,0.0,False
16975,2.09354166666667,1.5000000052390954,2.01726381156346,-0.6668427632173141,-0.6848485823267345,-0.5206219911483769,0.0,False
16976,2.06966666666667,1.4999999942293047,2.019339875474056,-0.1758584234603911,-0.8008656675695616,-0.5206281231060591,0.0,False
16977,2.091875,1.4999999952923653,2.0177073343079126,-0.8625248157852474,-0.9209816661384675,-0.5207994190431348,0.0,False
16982,2.11725,1.5000000043874102,2.023463693332722,-0.4996234828137587,-1.1575432385676676,-0.5207148394618968,0.0,False
16983,2.0795,1.5000000067557435,2.0237279196486684,-0.3217306573889939,-1.0999863503604033,-0.5208710709148566,0.0,False
17035,2.66983333333333,1.4999999966540916,2.0349009181492126,-1.0333019577681382,-0.9516632730923836,-0.5209983916738612,0.0,False
17113,3.19116666666667,1.4999999935083692,2.145885407478381,-1.4139926238725984,-1.0244799751610714,-0.52104145801043,0.0,False
17142,3.50533333333333,1.4999999972338556,2.171930572902034,-0.631264131804085,-0.8769416085851446,-0.5210748501586213,0.0,False
17152,3.53016666666667,1.5000000009048766,2.178026651475917,0.3507043431047975,-0.5359906484906236,-0.5210155241437426,0.0,False
17204,4.11933333333333,1.4999999965782482,2.228871343976893,-1.7697783369872748,-0.2486757147214756,-0.520992167229993,0.0,False
17228,4.35116666666667,1.5000000011898642,2.250736071616965,-1.4744762471617094,0.0280658844101992,-0.5210013477498372,0.0,False
17229,4.41379166666667,1.499999999202997,2.2536331244376515,-1.9832497695902769,0.1425228154988687,-0.5209295750896723,0.0,False
17242,4.56516666666667,1.500000007449832,2.2657592250063283,-0.6348220685414685,0.4618600738447175,-0.5207587224080623,0.0,False
17280,4.968,1.499999995735517,2.299382023703615,-0.5601069818935862,0.7484969519269227,-0.5205312204572645,0.0,False
17281,4.99466666666667,1.4999999970907416,2.3009862549072326,-1.349951225704451,0.7338283174979437,-0.5200566579607085,0.0,False
17289,5.05833333333333,1.5000000061069272,2.3102058660011853,-0.3715406485801703,0.7074980841792579,-0.5198772618318596,0.0,False
17312,5.222,1.4999999964626458,2.3317120007839702,0.0518444004860037,0.8686628805500635,-0.5192452612298757,0.0,False
17354,5.569,1.4999999985056358,2.378857524862382,0.0518443835887748,1.11848181789873,-0.5188541340922652,0.0,False
17355,5.538,1.5000000007172665,2.378649918471487,-0.609917017639219,1.166189796338038,-0.5187916131205706,0.0,False
17356,5.575,1.5000000029653215,2.379791753622301,-0.335962054554529,1.1013645671904448,-0.5186460119396412,0.0,False
17358,5.591,1.499999996214674,2.3838589515561903,-0.6099169823595763,1.0077003573737524,-0.5192640288947068,0.0,False
17361,5.68,1.5000000031472334,2.3847648703535835,-0.2185527785745679,1.093644471925158,-0.5183038918790416,0.0,False
17362,5.665,1.4999999904370684,2.386123748549605,-0.930124060103762,1.1102210101720462,-0.5173024201211541,0.0,False
17364,5.73225,1.4999999935099162,2.386038818662302,-0.5280862521951539,0.9844853243516408,-0.5171058177682061,0.0,False
17368,5.7755,1.4999999942504914,2.3919556008074045,0.3364729718137575,1.0963209023993177,-0.5117329388307866,0.0,False
17370,5.81325,1.500000002569107,2.3947582870867503,-0.5992434614441268,1.3226399560699489,-0.4919736378121314,0.0,False
17371,5.8185,1.4999999927486238,2.395692515846532,-0.1189327007909551,1.378870866773748,-0.5105666319382905,0.0,False
17372,5.868,1.4999999973370386,2.395503782763713,-0.8731984021816034,1.409156185900678,-0.5143360956972841,0.0,False
17373,5.84022222222222,1.50000000131391,2.399637037276692,-0.0833542016899652,1.5690969323332975,-0.5136802923341747,0.0,False
17374,5.877,1.5000000005358267,2.399721967163857,-0.4782763109821872,1.6306394722519146,-0.5146445986652639,0.0,False
17377,5.91731481481481,1.500000002349753,2.402666203255283,-0.3003834806791244,1.708233493735723,-0.5154417295163348,0.0,False
17379,5.93033333333333,1.5000000008995822,2.4019112709241446,-0.4569291725014672,1.661258319227196,-0.5164537974875633,0.0,False
17383,5.99395987654321,1.4999999976329998,2.406091708707725,0.0376129631582475,1.7782407950106285,-0.5154793917342245,0.0,False
17402,6.16816666666667,1.499999996224462,2.4165947047644343,0.4681136607017171,1.909283201363708,-0.5155980300936115,0.0,False
17447,6.344,1.5000000075394848,2.455369916621647,-0.538759933414457,2.156425844197875,-0.5133550851380992,0.0,False
17456,6.55416666666667,1.4999999968258806,2.462938113241243,-0.3608670037025984,2.2979160372475222,-0.511054814743423,0.0,False
17466,6.62083333333333,1.499999999206557,2.4688077121156065,-0.6668427162394288,2.705991230695109,-0.4979339613173895,0.0,False
17468,6.65333333333334,1.500000000383845,2.473139136365442,-0.5565491615567076,2.8825176524374023,-0.5039108397251972,0.0,False
17470,6.681,1.49999999791159,2.471412228658095,-0.3750984399771322,2.918192547452337,-0.5080388613042609,0.0,False
17499,6.989,1.499999998334968,2.481471701970214,-0.9301241202815178,2.8703106004904835,-0.5119963669129894,0.0,False
17530,7.130625,1.5000000043216772,2.4913235688914384,1.0266971230686597,2.7070061970299664,-0.5142247643349708,0.0,False
17532,7.0715,1.499999992884864,2.4921823044180926,0.7100479595389314,2.689052872913788,-0.5153633766560209,0.0,False
17540,7.064,1.5000000076330395,2.4921445578015287,1.627974906410288,2.807532305483747,-0.5161148847709982,0.0,False
17550,7.12725,1.500000004387233,2.4988728922025465,1.716921358890812,2.7454144947435664,-0.5169381483729765,0.0,False
17576,7.208,1.5000000038501318,2.532061604809556,4.67350043955103,2.551943403950965,-0.517784601154877,0.0,False
17629,7.55716666666667,1.500000000243967,2.5836989762582334,1.3646935647899714,2.3428958716195254,-0.5183837982106998,0.0,False
17647,7.57866666666667,1.500000001552951,2.602827074198049,0.8345728753719014,2.1358496765388333,-0.5189019022392959,0.0,False
17700,7.97016666666667,1.4999999952360137,2.654209655985093,0.7954365049301332,1.7389252507712605,-0.5192354885591052,0.0,False
17736,8.0855,1.5000000032467258,2.67554593099341,0.6566800159208351,1.1405179927725793,-0.5196994479489019,0.0,False
17772,8.156,1.500000002042973,2.6924941618271143,0.4147457575501747,1.0589930752071477,-0.5196400469788448,0.0,False
17817,8.26333333333333,1.499999996749288,2.720379474807805,1.6350907216534414,0.9159139323769706,-0.5195717178136726,0.0,False
17827,8.274,1.5000000014284307,2.72111553383073,1.4145035504821064,0.7771602309442496,-0.5193880640330323,0.0,False
17934,8.2105,1.4999999958382784,2.7667511932470026,1.2010321872609862,0.7587046782244508,-0.5189793423542544,0.0,False
17944,8.2145,1.4999999927917511,2.766666263359837,1.2117057855562627,1.3814682531241356,-0.520602765435066,0.0,False
18055,8.10366666666667,1.4999999994549953,2.8023556893136816,1.546144273928079,1.2823223307444158,-0.5204786907327383,0.0,False
18068,8.11483333333333,1.4999999930854124,2.8022518861180283,1.2650736366060842,1.0136975379260704,-0.5203467433717269,0.0,False
18074,8.12933333333333,1.5000000027334397,2.803582454351661,0.9057300028606572,0.6695369355562091,-0.5203133762307875,0.0,False
18100,8.29441666666667,1.4999999934301196,2.8090462770981355,1.5568179005201892,0.5428071040598343,-0.5201318074310485,0.0,False
18326,7.06825,1.5000000052011015,2.833270168272964,1.5959542171046548,0.3120472705382852,-0.5203731073788809,0.0,False
18334,7.00133333333334,1.499999993200057,2.8300145225949898,1.3291150600537145,0.3100857030507353,-0.5198873952697483,0.0,False
18356,6.838,1.4999999996609896,2.834213833686921,1.7169214032271496,0.2832898188784062,-0.518917672647167,0.0,False
18447,6.003,1.5000000001900904,2.848312194970541,1.2544000014385663,0.5398394997572357,-0.5179613638598624,0.0,False
18452,5.97366666666667,1.499999998422277,2.8465381039924544,1.6599957043890523,0.4831396192006855,-0.5155199458727913,0.0,False
18468,5.809,1.4999999993697326,2.84612289121039,1.2401685812757006,0.4191179217901114,-0.5132502923926495,0.0,False
18472,5.748,1.5000000047008024,2.845924721473533,1.4002720929149943,0.3460994833687147,-0.504830821809797,0.0,False
18476,5.689,1.49999999585657,2.846273877676508,1.7880785770846794,0.2652049743472345,-0.4959754751054617,0.0,False
18483,5.597,1.5000000002141085,2.847009936699433,1.6173014048553571,0.23985260506421,-0.5103986072976453,0.0,False
18491,5.554,1.4999999992446842,2.8477554323763963,0.9875607424275844,0.1959934256825927,-0.5147853921842686,0.0,False
18492,5.523,1.4999999986357209,2.848331068278891,1.4821028572638308,0.1744264522910858,-0.5154937578520589,0.0,False
18494,5.529,1.500000003373047,2.848491491399184,2.054917773044844,0.10618856382096,-0.516735830583177,0.0,False
18498,5.486,1.4999999986780008,2.8482083917751617,1.6777849865020888,0.071940843963116,-0.5177818693017884,0.0,False
18586,4.91033333333333,1.4999999958896904,2.843140908502401,1.866351428784743,0.080452114811542,-0.5182729635082116,0.0,False
18643,4.498,1.4999999960098245,2.837601592522799,0.6104279388852952,0.0982883545916499,-0.5185464695642212,0.0,False
18653,4.40133333333333,1.4999999930872838,2.835459472033251,1.240168638187947,0.080501735871633,-0.5188958524561261,0.0,False
18894,3.289,1.5000000005512062,2.7800096923123183,1.104970008447228,0.0766282632024362,-0.5191098938861056,0.0,False
18904,3.17725,1.500000003270235,2.781170400771483,1.571049236830094,0.1626308086442885,-0.519386409066807,0.0,False
18908,3.158,1.4999999995217257,2.777688275394264,0.6851429034399873,0.1655090818872526,-0.5195386125653901,0.0,False
18952,3.169,1.5000000017257715,2.765628231404539,2.022897076845471,0.3047026396343459,-0.5198102626660919,0.0,False
19002,2.9265,1.4999999980053504,2.7563991836565487,1.211705738404094,0.2982328742913286,-0.5200985474976065,0.0,False
19030,2.80475,1.5000000018225643,2.7417912430492493,0.7278371661856763,0.2510280828099376,-0.5202017707172816,0.0,False
19040,2.83566666666667,1.4999999989961963,2.74122504380093,0.7705314736373411,0.2091357457727075,-0.5203145608550432,0.0,False
19053,2.9325,1.499999998895208,2.735666854513115,1.2864207252961926,0.2704762794153316,-0.5202526665605038,0.0,False
19067,2.92883333333333,1.4999999997496445,2.730608807894667,1.5497021281109935,0.4134908955181451,-0.5193575032360189,0.0,False
19161,2.58883333333333,1.49999999305442,2.701515603183936,1.140548644853132,0.546878547770183,-0.5190426999658396,0.0,False
19209,2.61216666666667,1.4999999923702807,2.6780843909568093,1.983760740405664,0.5678767050329403,-0.5191581508389516,0.0,False
19249,2.4065,1.5000000034717376,2.6652222313653446,1.2259371165323654,0.7583711008721791,-0.5188120410732797,0.0,False
19259,2.33875,1.4999999982245618,2.661475879672179,1.2650735899702907,0.5782095162973386,-0.5190902374010985,0.0,False
19275,2.30516666666667,1.5000000032905316,2.651218236623066,1.375367107615133,0.4589829032297297,-0.519007070865533,0.0,False
19276,2.24604166666667,1.4999999964826525,2.650784150532514,1.2045900383331056,0.4467760917016689,-0.5189560043935652,0.0,False
19280,2.20533333333333,1.4999999935494603,2.6512559832394924,1.866351450971303,0.5363642800596319,-0.5187063586309376,0.0,False
19300,2.30383333333333,1.4999999997346567,2.639648898648533,0.0589600872248135,0.486944477764741,-0.5183461190216135,0.0,False
19397,2.01566666666667,1.5000000046456086,2.6003357975053896,0.0518443328060941,0.3539158410419959,-0.5179649748785026,0.0,False
19398,2.01383333333333,1.5000000019479165,2.601553125889331,0.8167835874356468,0.3085012106973344,-0.5176551232951209,0.0,False
19399,2.021,1.5000000008673142,2.5998356548360224,0.1977164968285574,0.3769837958876231,-0.5183562770800396,0.0,False
19402,2.01516666666667,1.500000001557113,2.6003924174301662,0.7064900271235528,0.2027617483240497,-0.519036641826507,0.0,False
19419,2.098,1.500000001486486,2.584133062348648,1.3646935534258149,0.1216802746143708,-0.5194610934898134,0.0,False
19420,2.089,1.5000000008385357,2.5853220807702013,0.9662135868633625,0.0944319233925838,-0.5197676722311786,0.0,False
19429,2.12516666666667,1.4999999955544463,2.578688112910387,0.7918786452151818,0.0841116453086208,-0.5198642181000745,0.0,False
19466,2.08383333333333,1.5000000032564662,2.55793691045874,0.5819650211135425,-0.1468123880923484,-0.5199695267165098,0.0,False
19491,2.0925,1.4999999955918597,2.546499685642249,1.4714293146233024,-0.0789743464925679,-0.5201567992984997,0.0,False
19492,2.0855,1.4999999993229205,2.545405033762174,1.2864207213807388,0.0434115714035963,-0.520388588514066,0.0,False
19571,2.182,1.4999999920926013,2.513292099727027,0.179927285675703,0.0205511751621172,-0.520458350539106,0.0,False
19661,2.5175,1.4999999988344517,2.4620227577896743,1.6635535574537452,0.0455022386125257,-0.5205227200793394,0.0,False
19667,2.48016666666667,1.499999994740518,2.456936401208838,1.225937195580982,0.0245659788565012,-0.5203175677161337,0.0,False
19671,2.5475,1.4999999952235152,2.454199771508582,0.8203415034053804,-0.1485074119813386,-0.5203391278430646,0.0,False
19674,2.531125,1.4999999920993954,2.45589836925354,1.0836229427468709,-0.1266954805846904,-0.5203381918680242,0.0,False
19677,2.5525,1.5000000045226165,2.451170605529853,1.656437790491875,-0.1616119824249133,-0.5203131098503158,0.0,False
19680,2.55625,1.5000000030312963,2.451500888424752,0.9697714242964036,-0.0375141403178622,-0.5203443547878788,0.0,False
19681,2.5815,1.49999999402899,2.4500004604166508,0.5179236762403895,-0.0957583939067774,-0.5204919980011604,0.0,False
19747,2.754,1.500000003808261,2.405836919045954,0.4752293096545311,-0.1307532794513513,-0.52050882430943,0.0,False
19751,2.76475,1.500000005435421,2.403402262278208,0.2831050238905165,-0.1766462057422741,-0.5204343912348655,0.0,False
19755,2.78175,1.500000000777765,2.4006090126529003,0.1692536423934481,-0.3564296415394395,-0.5205582081790728,0.0,False
19765,2.82983333333333,1.4999999996824835,2.394984766786133,0.7527421831420245,-0.518853893713028,-0.5205220046441643,0.0,False
19836,3.419,1.499999994352397,2.3518970039872977,0.6033122393842061,-0.485275974402806,-0.5205156698239519,0.0,False
19851,3.52583333333333,1.49999999578035,2.337204133492833,0.5214815181338585,-0.6038774069072147,-0.5204251499081286,0.0,False
19885,3.72116666666667,1.499999999729799,2.3100360062267167,0.4183036341551691,-0.7461734524179786,-0.5203239955132704,0.0,False
19897,3.77475,1.5000000071281865,2.30486471975844,0.5108078500629825,-0.8629729601971693,-0.5201428301321305,0.0,False
19901,3.794,1.5000000003107652,2.2982307518987635,0.6780271827566248,-0.8755457215997317,-0.5198883119266378,0.0,False
19917,3.90225,1.4999999993943365,2.29424848385204,1.4892185640946698,-0.86969511716782,-0.5197944224675543,0.0,False
19924,3.9465,1.5000000025566724,2.289605650015656,1.510565676246358,-0.9624328007058196,-0.5196088928717936,0.0,False
19927,3.98775,1.4999999978299232,2.2865481740746763,1.4109457266216745,-1.0050496100533577,-0.5196353725015929,0.0,False
19930,4.024125,1.499999998644331,2.283707741178767,0.951982178736328,-0.8717989568029721,-0.5198528004251235,0.0,False
19931,4.0795,1.5000000028495208,2.284160700577395,1.1868006963281177,-0.869584750548385,-0.5201520216198269,0.0,False
19933,4.0915,1.5000000026914118,2.280244489109761,1.6457642369287393,-0.7726700895469378,-0.5204308524911203,0.0,False
19974,4.503,1.5000000034695662,2.251245650940507,1.257957828564136,-0.6704803131292337,-0.5208357387799002,0.0,False
20000,4.51583333333333,1.5000000037276977,2.2367226402206484,0.4859028810297216,-0.6228064156061957,-0.5210543335180474,0.0,False
20034,4.6665,1.4999999954461158,2.215593971603364,1.563933595644953,-0.5326965707768975,-0.5211989870861976,0.0,False
20039,4.6815,1.5000000056316805,2.2138576272417043,1.7489420591827538,-0.511632348201135,-0.5212246202177921,0.0,False
20055,4.74716666666667,1.5000000004149172,2.201788146597942,1.5817228340216336,-0.5077372311365401,-0.5212431335090545,0.0,False
20132,5.3065,1.5000000048424262,2.139204256347828,0.7491842811525864,-0.4058638302975101,-0.5212092318514779,0.0,False
20133,5.292,1.50000000905623,2.1394967926261628,1.4358506217350009,-0.2508386574022898,-0.5211694794076497,0.0,False
20136,5.31983333333333,1.5000000003138148,2.1377321383022525,1.033812872594159,-0.0372636683956715,-0.5210618683638572,0.0,False
20181,5.32883333333333,1.4999999967858333,2.0988719965577367,1.1547800389130762,-0.1124347507311752,-0.5210669873315888,0.0,False
20204,5.45838888888889,1.5000000002888685,2.085613497492421,1.6066278334742987,-0.0690708636231159,-0.5210349569348751,0.0,False
20210,5.50233333333333,1.5000000015232122,2.0805931974903995,1.499892115123027,0.2035626989689388,-0.5211222763247622,0.0,False
20220,5.51633333333333,1.4999999974709446,2.067193148613004,1.7062478530669436,0.1544609423307056,-0.5210455630953484,0.0,False
20226,5.628,1.499999992854187,2.0589455128955345,1.706247896317466,-0.0545330719130987,-0.5209970425351129,0.0,False
20231,5.64416666666667,1.4999999947306977,2.056454236202737,0.8950565028554609,-0.0593654161823405,-0.5207798344853173,0.0,False
20236,5.658,1.4999999965283892,2.0510942166517787,0.795436493600446,0.0483241648933396,-0.520785048923325,0.0,False
20269,5.6045,1.5000000049710396,2.029805124914201,0.6033121476811978,0.0311827591682077,-0.5208418962477085,0.0,False
20292,5.507,1.5000000002164038,2.007713917574746,1.339788566759288,0.0424939808620557,-0.5208763611836598,0.0,False
20309,5.72,1.4999999988697077,1.9989283925713457,1.371809291164206,0.1602511457626347,-0.5208356565153213,0.0,False
20311,5.726,1.4999999926819962,1.9978809239620097,1.0765072237189002,0.2622905002360133,-0.5209056675665416,0.0,False
20314,5.794,1.5000000013190349,1.9925680876816527,0.8737093033061059,0.2760644876417175,-0.5210078051047622,0.0,False
20316,5.8,1.5000000073231134,1.9918792119294677,1.339788501878859,0.2270063714040646,-0.5211299408500174,0.0,False
20333,5.99133333333333,1.499999996942443,1.9754877436900444,0.752742207084761,0.1754877392103611,-0.521218073215766,0.0,False
20360,6.1255,1.4999999950345144,1.9493482117249132,1.7062478759054716,0.3810836552227704,-0.5213185885115037,0.0,False
20409,6.379,1.500000008635068,1.9105163799427864,0.8630356681366921,0.4080261412067768,-0.5213861126447762,0.0,False
20417,6.351,1.5000000014370105,1.9006739496758749,1.2294949918374407,0.5196983547019687,-0.521448663561,0.0,False
20418,6.36675,1.4999999958366057,1.9012024023076304,0.6887007923716818,0.5376971102553523,-0.5214982071976237,0.0,False
20449,6.48975,1.4999999954180323,1.8717977880103505,0.5606179472494958,0.3874321811376884,-0.5215499995627156,0.0,False
20461,6.567,1.5000000011370016,1.862078034247168,0.8665935911169946,0.2755604584350383,-0.5215753636958295,0.0,False
20466,6.597,1.499999997630336,1.8567935079294748,1.414503585371731,0.1908710945663599,-0.5215632809768055,0.0,False
20467,6.60716666666667,1.500000007908966,1.8558404058613425,0.599754265407903,-0.0400945208695681,-0.5215898181098588,0.0,False
20570,6.93033333333333,1.499999995309591,1.7510935449182743,0.6282172294797588,0.196909879199487,-0.5215709184683103,0.0,False
20576,6.95966666666667,1.5000000012732302,1.7435442216068917,1.1690114260865645,0.0785425196413761,-0.5216296183709271,0.0,False
20594,7.036,1.5000000020074398,1.7294458603232723,0.7563000197085289,-0.0069596441616163,-0.5216122517122984,0.0,False
20618,7.0925,1.4999999949726053,1.7065714106902905,0.7491843673726245,-0.1822738090977755,-0.5216194297664839,0.0,False
20666,7.27533333333333,1.5000000037557293,1.6628985753349226,1.2899785379732358,-0.1762906847066731,-0.5216223820730458,0.0,False
20673,7.351,1.5000000078903548,1.654056430406608,0.923519241691953,-0.265049018347696,-0.5216327099916608,0.0,False
20700,7.56216666666667,1.500000001604374,1.633135368180355,0.4360929026604468,-0.5675668825354134,-0.5215915084622884,0.0,False
20721,7.59133333333333,1.5000000026897091,1.6133183944884903,1.0409285651752136,-0.8575829785324521,-0.5216019545653866,0.0,False
20744,7.56616666666667,1.5000000015298176,1.6004373615886751,0.4609979015571622,-0.5432777852710364,-0.5215792260144948,0.0,False
20750,7.53683333333333,1.4999999959521626,1.5933032510596312,0.6958165051858735,-0.6128934730821709,-0.5215713444826042,0.0,False
20789,7.71266666666667,1.4999999954835823,1.5629172247319676,1.3148836115801483,-0.6717584755655219,-0.5215422958278036,0.0,False
20822,7.90933333333333,1.4999999932567818,1.5297662587415222,1.1476643568643503,-0.68984953889947,-0.5215087629118171,0.0,False
20874,7.9295,1.500000006420222,1.490490904214942,1.0266971043222146,-0.6553858311510367,-0.5214700598265355,0.0,False
20973,8.2845,1.4999999977075518,1.4058252432795484,1.325557162016508,-0.7287969265938264,-0.5214407204989155,0.0,False
21042,8.32916666666667,1.5000000004275238,1.3522250477699662,1.852119958168251,-0.7819981422362615,-0.5213843692821387,0.0,False
21047,8.35433333333333,1.5000000001395668,1.348054046640561,1.289978570866768,-0.7942684786103933,-0.5213850418100517,0.0,False
21057,8.47516666666667,1.4999999968217008,1.3411652891189758,0.4147458019976394,-0.7654840320166589,-0.5213028366343061,0.0,False
